2	1	0	0	1.0 	 2.642364408057836e-18 	 3.814740366614598e-17 	 2 	 1.4569855966209788e-19 	 2.7755575615628914e-17
2	2	0	0	1.0 	 5.145815017890838e-18 	 1.161314183249003e-17 	 2 	 7.284927983104894e-20 	 1.3877787807814457e-17
2	3	0	0	1.0 	 4.630653422772128e-18 	 4.3937740109202316e-17 	 2 	 0.0 	 0.0
2	4	0	0	1.0 	 1.9785703487770024e-18 	 2.2844751623995054e-17 	 2 	 0.0 	 0.0
2	5	0	0	1.0 	 7.422312778576465e-18 	 1.1196066798274316e-16 	 2 	 1.4569855966209788e-19 	 2.7755575615628914e-17
2	6	0	0	1.0 	 1.6542428963686654e-17 	 1.2435670362181278e-16 	 2 	 2.9139711932418344e-19 	 5.551115123125783e-17
2	7	0	0	1.0 	 1.9838537656274025e-18 	 3.731385686476571e-17 	 2 	 7.284927983104894e-20 	 1.3877787807814457e-17
2	8	0	0	1.0 	 6.941216520586347e-18 	 9.912893400980429e-17 	 2 	 2.9139711932418344e-19 	 5.551115123125783e-17
2	9	0	0	1.0 	 3.1300257925323553e-17 	 5.667998459264096e-17 	 2 	 2.7318479936643353e-20 	 5.204170427930421e-18
2	10	0	0	1.0 	 2.814086971461196e-17 	 1.3718770323074823e-17 	 2 	 3.642463991552447e-20 	 6.938893903907228e-18
3	1	0	0	1.0 	 4.967947693525306e-18 	 6.217544397588167e-17 	 3 	 5.12635961238536e-19 	 9.71445146547012e-17
3	2	0	0	1.0 	 0.0006969833954220523 	 0.012291849428829878 	 3 	 0.0008984904209445191 	 0.17026400644861067
3	3	0	0	1.0 	 6.648685885177914e-18 	 1.0559854862786648e-16 	 3 	 3.6616854374180525e-19 	 6.93889390390723e-17
3	4	0	0	1.0 	 4.631745572745664e-18 	 5.209996754177003e-17 	 3 	 1.4646741749672456e-19 	 2.7755575615628914e-17
3	5	0	0	1.0 	 2.9971283083970803e-18 	 1.1280129680856218e-16 	 3 	 5.8586966998688285e-19 	 1.1102230246251565e-16
3	6	0	0	1.0 	 2.3232918903269756e-17 	 1.0813246823272801e-16 	 3 	 5.858696699868921e-19 	 1.1102230246251565e-16
3	7	0	0	1.0 	 3.11882803254256e-17 	 1.580186107298866e-16 	 3 	 6.407949515481515e-19 	 1.214306433183765e-16
3	8	0	0	1.0 	 2.3270386009999853e-18 	 3.3570127655753465e-17 	 3 	 1.4646741749672456e-19 	 2.7755575615628914e-17
3	9	0	0	1.0 	 2.585992752531722e-16 	 2.0385860928053682e-16 	 3 	 1.0939285244286493e-18 	 2.0729945537922845e-16
3	10	0	0	1.0 	 7.625443821023362e-17 	 5.90124695147668e-17 	 3 	 8.696502913868021e-20 	 1.6479873021779667e-17
5	1	0	0	1.0 	 0.0008649368834010436 	 0.020136532928983333 	 5 	 0.0004554846576226653 	 0.0854033733042498
5	2	0	0	0.8 	 7.979599226905162e-05 	 0.001231805685677688 	 4 	 7.405086277655803e-05 	 0.013884536770604727
5	3	0	0	1.0 	 2.153417057052454e-17 	 1.480519287100441e-16 	 5 	 7.031412489292623e-19 	 1.3183898417423734e-16
5	4	0	0	1.0 	 2.2859314166073866e-17 	 1.7494291780066021e-16 	 5 	 1.40628249785854e-18 	 2.636779683484747e-16
5	5	0	0	1.0 	 4.341642739682795e-17 	 1.6321177530953491e-16 	 5 	 1.1842378929334993e-18 	 2.220446049250313e-16
5	6	0	0	1.0 	 2.239341154831623e-16 	 2.945608583116464e-16 	 5 	 1.2212453270876764e-18 	 2.2898349882893854e-16
5	7	0	0	1.0 	 6.259429524371248e-17 	 4.865738239807251e-16 	 5 	 1.8411198491700388e-18 	 3.452099717193846e-16
5	8	0	0	1.0 	 3.454001080623381e-17 	 2.716898915514405e-16 	 5 	 1.1102230246251606e-18 	 2.0816681711721685e-16
5	9	0	0	1.0 	 8.205491685537482e-17 	 2.1757729366194005e-16 	 5 	 1.503427012513214e-18 	 2.818925648462312e-16
5	10	0	0	1.0 	 8.083804379951383e-17 	 1.6448948993846915e-16 	 5 	 1.3507713466272745e-18 	 2.532696274926139e-16
7	1	0	0	1.0 	 0.0002046889577026253 	 0.00416675471098264 	 7 	 8.584484312643813e-05 	 0.015924218399954684
7	2	0	0	0.8571428571428571 	 8.334366385982507e-05 	 0.0009582730614091627 	 6 	 5.820262815665748e-05 	 0.01079658752305979
7	3	0	0	1.0 	 1.8111921794961612e-16 	 4.97183113724035e-16 	 7 	 3.1047341995919245e-18 	 5.759281940243e-16
7	4	0	0	1.0 	 1.0095412066223607e-16 	 3.902182640768068e-16 	 7 	 1.7393992804942597e-18 	 3.226585665316861e-16
7	5	0	0	1.0 	 1.0664628155106961e-16 	 2.7955778272890496e-16 	 7 	 1.047380211910524e-18 	 1.942890293094024e-16
7	6	0	0	1.0 	 2.4039721193571994e-16 	 4.579046918916401e-16 	 7 	 8.823243124442669e-18 	 1.6367115995841175e-15
7	7	0	0	1.0 	 2.1374222171838842e-16 	 6.948921995667702e-16 	 7 	 3.095382590556992e-18 	 5.741934705483231e-16
7	8	0	0	1.0 	 1.0066037963561696e-16 	 2.9646223659640774e-16 	 7 	 7.738456476392468e-19 	 1.4354836763708079e-16
7	9	0	0	1.0 	 2.6386926206843384e-16 	 1.6354294550581342e-16 	 7 	 5.844755646822074e-19 	 1.0842021724855044e-16
7	10	0	0	1.0 	 3.517095361557102e-16 	 2.250917906496449e-16 	 7 	 2.9317294324459925e-18 	 5.43835809718729e-16
10	1	0	0	1.0 	 0.0014025365367465446 	 0.003451445999357229 	 10 	 0.0002475908769533742 	 0.04811709187331307
10	2	0	0	0.9 	 8.440067315893204e-05 	 0.0006176891082393772 	 9 	 3.961299130464505e-05 	 0.007229370913097752
10	3	0	0	1.0 	 1.2685254829413682e-15 	 1.3395597199023042e-15 	 10 	 1.4429097186481032e-17 	 2.633310236532793e-15
10	4	0	0	0.9 	 1.1777991056228885e-05 	 6.331054395349119e-05 	 9 	 5.9586766545957585e-06 	 0.0010874584894637303
10	5	0	0	1.0 	 2.7023227670949505e-16 	 5.274222785914532e-16 	 10 	 6.311541852321168e-18 	 1.1518563880486e-15
10	6	0	0	1.0 	 6.108864346334212e-16 	 5.741365376956153e-16 	 10 	 1.2765663716366275e-17 	 2.3297336282368523e-15
10	7	0	0	1.0 	 3.711429683143719e-15 	 4.491190837373051e-15 	 10 	 6.017827028169381e-17 	 1.0982534326409166e-14
10	8	0	0	0.9 	 0.01619371472376826 	 0.002443252983070061 	 9 	 3.492626217682641e-05 	 0.0063740428472708445
10	9	0	0	1.0 	 1.0086968418104855e-15 	 7.036537779642472e-16 	 10 	 6.28302584997625e-18 	 1.1466522176206695e-15
10	10	0	0	1.0 	 0.0011992501332620312 	 0.005928318196095788 	 10 	 0.00026941707518970455 	 0.0917431481845694
2	1	1	100	1.0 	 0.00010055489025822204 	 0.0007826304665148395 	 2 	 8.321976603247245e-07 	 0.00015853365429185917
2	1	1	1000	1.0 	 1.0052478701081244e-05 	 7.823045814604294e-05 	 2 	 8.321976603253072e-08 	 1.585336542919702e-05
2	1	1	10000	1.0 	 1.005217787890412e-06 	 7.822720172167175e-06 	 2 	 8.321976603311352e-09 	 1.5853365429308042e-06
2	2	1	100	1.0 	 0.00011869835362378366 	 0.0018401674584803324 	 2 	 3.39996524891648e-05 	 0.0064769337991858605
2	2	1	1000	1.0 	 1.2130421869317589e-05 	 0.00018685985969430557 	 2 	 3.3999652489164877e-06 	 0.0006476933799185874
2	2	1	10000	1.0 	 1.2157186952815269e-06 	 1.871518329621236e-05 	 2 	 3.399965248962601e-07 	 6.476933799273721e-05
2	3	1	100	1.0 	 5.0820486314096555e-05 	 0.0010918386121149802 	 2 	 6.947035640773473e-06 	 0.0013234102895673394
2	3	1	1000	1.0 	 5.074686348455233e-06 	 0.00010924187007776566 	 2 	 6.947035640774928e-07 	 0.0001323410289567617
2	3	1	10000	1.0 	 5.073953410730487e-07 	 1.0924768388018985e-05 	 2 	 6.947035640783671e-08 	 1.3234102895692823e-05
2	4	1	100	1.0 	 9.981837883980565e-05 	 0.0016490556069389875 	 2 	 1.2194170738846793e-05 	 0.002322989525750302
2	4	1	1000	1.0 	 9.934227456284552e-06 	 0.0001651090925208621 	 2 	 1.2194170738845774e-06 	 0.00023229895257501076
2	4	1	10000	1.0 	 9.929509327999624e-07 	 1.651295100998749e-05 	 2 	 1.2194170738855973e-07 	 2.3229895257520505e-05
2	5	1	100	1.0 	 4.4790418717075284e-05 	 0.000453571685433868 	 2 	 8.850747998991922e-07 	 0.00016860674938079526
2	5	1	1000	1.0 	 4.477895343938797e-06 	 4.536967386629354e-05 	 2 	 8.850747998980266e-08 	 1.686067493805732e-05
2	5	1	10000	1.0 	 4.4777807501742337e-07 	 4.537092477107013e-06 	 2 	 8.850747998892849e-09 	 1.6860674937890785e-06
2	6	1	100	1.0 	 0.00011860650644829405 	 0.0018877261510914197 	 2 	 7.410876157085442e-06 	 0.0014117719079247693
2	6	1	1000	1.0 	 1.1882044375793653e-05 	 0.00018891051956899498 	 2 	 7.410876157081508e-07 	 0.00014117719079240199
2	6	1	10000	1.0 	 1.1884210286306598e-06 	 1.8892432109836155e-05 	 2 	 7.41087615705674e-08 	 1.4117719079193014e-05
2	7	1	100	1.0 	 2.5462741185616264e-05 	 0.00037283395979594486 	 2 	 6.00420250937351e-07 	 0.00011438005780356475
2	7	1	1000	1.0 	 2.5461214731686895e-06 	 3.727833236764941e-05 	 2 	 6.004202509385166e-08 	 1.143800578037868e-05
2	7	1	10000	1.0 	 2.5461062206550287e-07 	 3.7277826256280644e-06 	 2 	 6.004202509195757e-09 	 1.1438005780017857e-06
2	8	1	100	1.0 	 8.472419855499596e-05 	 0.001416103269049521 	 2 	 6.699749236884068e-06 	 0.0012763022296264082
2	8	1	1000	1.0 	 8.47686654794543e-06 	 0.00014177254732234372 	 2 	 6.699749236879551e-07 	 0.00012763022296255477
2	8	1	10000	1.0 	 8.477315957659877e-07 	 1.4178881635686345e-05 	 2 	 6.69974923687518e-08 	 1.276302229624715e-05
2	9	1	100	1.0 	 0.00012713971705634192 	 0.0016951198038106096 	 2 	 9.445130131347445e-06 	 0.0017992972900216786
2	9	1	1000	1.0 	 1.2752582271414286e-05 	 0.00016997421229020273 	 2 	 9.44513013134555e-07 	 0.00017992972900213178
2	9	1	10000	1.0 	 1.2756459264193733e-06 	 1.7002061880094264e-05 	 2 	 9.445130131381975e-08 	 1.7992972900282567e-05
2	10	1	100	1.0 	 0.000100090370453636 	 0.001493356834587214 	 2 	 2.6488745255972925e-06 	 0.0005046105971262815
2	10	1	1000	1.0 	 1.0007726368238612e-05 	 0.00014924855697015242 	 2 	 2.648874525595689e-07 	 5.046105971259762e-05
2	10	1	10000	1.0 	 1.0007596218906865e-06 	 1.4923986044704025e-05 	 2 	 2.648874525570921e-08 	 5.046105971212578e-06
3	1	1	100	1.0 	 0.0003243281629251352 	 0.0021856909931398825 	 3 	 6.872735331090408e-06 	 0.0013023833452416311
3	1	1	1000	1.0 	 3.228094603364169e-05 	 0.00021856021234283743 	 3 	 6.872735331093337e-07 	 0.00013023833452421862
3	1	1	10000	1.0 	 3.2265892137835367e-06 	 2.185593720718773e-05 	 3 	 6.87273533110652e-08 	 1.3023833452446842e-05
3	2	1	100	0.6666666666666666 	 0.000437799527816484 	 0.009757081478167387 	 2 	 0.0005605120798453284 	 0.10621703913068839
3	2	1	1000	0.5 	 0.0002338985204656569 	 0.00751142881896202 	 3 	 0.0005062471345807782 	 0.10621703913068835
3	2	1	10000	0.5 	 0.00021974235936658172 	 0.007198084940713477 	 3 	 0.0004964550309958416 	 0.10621703913068838
3	3	1	100	1.0 	 0.00014303755846228438 	 0.0012265365769737455 	 3 	 5.955802494496461e-06 	 0.0011286245727070707
3	3	1	1000	1.0 	 1.4331670418017346e-05 	 0.00012292445749171593 	 3 	 5.955802494500416e-07 	 0.00011286245727078204
3	3	1	10000	1.0 	 1.433448205252693e-06 	 1.229516726146443e-05 	 3 	 5.955802494558271e-08 	 1.1286245727187836e-05
3	4	1	100	1.0 	 0.00013132822422624578 	 0.002100325536311153 	 3 	 1.4072118822406162e-05 	 0.002666666516845967
3	4	1	1000	1.0 	 1.3112900174588659e-05 	 0.0002104011765848406 	 3 	 1.4072118822404552e-06 	 0.00026666665168456616
3	4	1	10000	1.0 	 1.3110940489037922e-06 	 2.1043825384360297e-05 	 3 	 1.4072118822411875e-07 	 2.6666665168470494e-05
3	5	1	100	1.0 	 0.00018739712876396548 	 0.0023142282804053714 	 3 	 7.031572091601071e-06 	 0.0013324829113583875
3	5	1	1000	1.0 	 1.874441368826156e-05 	 0.000231493537381284 	 3 	 7.031572091599679e-07 	 0.0001332482911358124
3	5	1	10000	1.0 	 1.8744900071204028e-06 	 2.3150071941794343e-05 	 3 	 7.031572091590891e-08 	 1.3324829113564586e-05
3	6	1	100	1.0 	 0.00016894848746545026 	 0.00209279515902959 	 3 	 1.0170393238308799e-05 	 0.0019272895186595164
3	6	1	1000	1.0 	 1.6897220448044565e-05 	 0.00020931661857217541 	 3 	 1.0170393238307993e-06 	 0.00019272895186593642
3	6	1	10000	1.0 	 1.6897533098984591e-06 	 2.0932032956358822e-05 	 3 	 1.0170393238307261e-07 	 1.927289518659225e-05
3	7	1	100	0.4 	 0.01949460253855298 	 0.007210303943233074 	 4 	 4.2483503921300636e-05 	 0.04308674183278723
3	7	1	1000	1.0 	 6.071636779501565e-06 	 3.871611454752476e-05 	 3 	 1.0260040622469247e-07 	 1.944277697957936e-05
3	7	1	10000	1.0 	 6.072815076084335e-07 	 3.871564339685519e-06 	 3 	 1.0260040622546141e-08 	 1.9442776979725074e-06
3	8	1	100	0.5 	 0.0008391316548544366 	 0.006570530343194497 	 3 	 2.614310433500723e-05 	 0.26919780276800476
3	8	1	1000	1.0 	 5.585307986164165e-06 	 0.00010718274055490871 	 3 	 9.13769792998549e-07 	 0.00017315937577322416
3	8	1	10000	1.0 	 5.585542246764221e-07 	 1.071977329602476e-05 	 3 	 9.137697929935692e-08 	 1.7315937577228047e-05
3	9	1	100	0.75 	 0.013300933313676851 	 0.0024550745698325594 	 4 	 1.9965110802269862e-05 	 0.0037833884970300876
3	9	1	1000	1.0 	 2.565650070228313e-05 	 0.0002899706559814596 	 3 	 3.2771837640483987e-06 	 0.0006210263232871716
3	9	1	10000	1.0 	 2.5709944330829144e-06 	 2.9029744592894607e-05 	 3 	 3.277183764056162e-07 	 6.210263232886426e-05
3	10	1	100	1.0 	 0.00022339997859156452 	 0.002416463422500961 	 3 	 1.0587476180051945e-05 	 0.0020063267361198484
3	10	1	1000	1.0 	 2.2402959069800858e-05 	 0.00024218946889127885 	 3 	 1.0587476180047185e-06 	 0.00020063267361189463
3	10	1	10000	1.0 	 2.240933840540872e-06 	 2.4224440537441027e-05 	 3 	 1.0587476180025213e-07 	 2.006326736114783e-05
5	1	1	100	0.8 	 0.0049930355021245544 	 0.017441852967528048 	 4 	 0.0004944946588165219 	 0.09430304711238663
5	1	1	1000	0.6666666666666666 	 0.000633055083716992 	 0.01488739393140611 	 5 	 0.000339294392630187 	 0.23005064472864223
5	1	1	10000	0.6666666666666666 	 0.0006002945839056757 	 0.014683460359160268 	 5 	 0.0003399030236498006 	 0.22981578034392317
5	2	1	100	0.8 	 0.0006677624599372537 	 0.008088136639783439 	 4 	 0.0003292372374926277 	 0.061731982029868154
5	2	1	1000	0.8 	 0.0003266008101259349 	 0.0046966796114571215 	 4 	 0.00030975801794038034 	 0.058079628363821786
5	2	1	10000	0.6666666666666666 	 0.00022561675459103906 	 0.0037270462061462623 	 5 	 0.0002751743373363434 	 0.05811805957683018
5	3	1	100	1.0 	 0.0004530247584319748 	 0.0030331476896657025 	 5 	 2.0810061618088103e-05 	 0.0039018865533914857
5	3	1	1000	1.0 	 4.562811655202653e-05 	 0.00030572132381849373 	 5 	 2.0810061618087105e-06 	 0.00039018865533912983
5	3	1	10000	1.0 	 4.56616854015058e-06 	 3.059666795212028e-05 	 5 	 2.0810061618093024e-07 	 3.9018865533924085e-05
5	4	1	100	1.0 	 0.0006025518795835763 	 0.0049822285219908195 	 5 	 5.0308202138844034e-05 	 0.009432787901033392
5	4	1	1000	1.0 	 6.0171031800723964e-05 	 0.0005025545679652809 	 5 	 5.030820213885679e-06 	 0.0009432787901035786
5	4	1	10000	1.0 	 6.016976068751761e-06 	 5.030043212435458e-05 	 5 	 5.03082021389371e-07 	 9.432787901050843e-05
5	5	1	100	0.8333333333333334 	 0.0012206389647576334 	 0.011351235835082144 	 6 	 0.0001320789206661808 	 0.02476479762490877
5	5	1	1000	1.0 	 9.113272723864759e-05 	 0.0005938171200902628 	 5 	 3.0340820650045926e-06 	 0.0005688903871883602
5	5	1	10000	1.0 	 9.119729567964249e-06 	 5.9426125464562625e-05 	 5 	 3.034082065001373e-07 	 5.688903871877565e-05
5	6	1	100	1.0 	 0.0004795055611664291 	 0.0030188615191777666 	 5 	 2.3603512727830426e-05 	 0.004498650562186062
5	6	1	1000	1.0 	 4.7875265409869624e-05 	 0.0003025529622666053 	 5 	 2.39928029983263e-06 	 0.00044986505621862077
5	6	1	10000	1.0 	 4.7869148919133215e-06 	 3.026227257826066e-05 	 5 	 2.3992802998273753e-07 	 4.498650562176354e-05
5	7	1	100	0.5714285714285714 	 0.01654283754677287 	 0.008217355938605979 	 6 	 5.495428663668726e-05 	 0.029487621549097343
5	7	1	1000	1.0 	 0.00011246258936210909 	 0.0004050426443359518 	 5 	 1.941447334334568e-06 	 0.0003640213751877324
5	7	1	10000	1.0 	 1.1193034428757596e-05 	 4.053381524915802e-05 	 5 	 1.941447334342182e-07 	 3.640213751891601e-05
5	8	1	100	0.6666666666666666 	 0.001394657705474544 	 0.006780236778157498 	 5 	 2.4419622724081605e-05 	 0.1383453734485552
5	8	1	1000	1.0 	 8.117723452459156e-05 	 0.0005235732208362392 	 5 	 2.7780308726925253e-06 	 0.0005208807886298503
5	8	1	10000	1.0 	 8.107799914766533e-06 	 5.239200617036039e-05 	 5 	 2.7780308726965594e-07 	 5.208807886306065e-05
5	9	1	100	1.0 	 0.000613990433120608 	 0.004019038988857596 	 5 	 3.7055269986902955e-05 	 0.006947863122544334
5	9	1	1000	1.0 	 6.30636713446906e-05 	 0.0004071097095611942 	 5 	 3.7055269986905913e-06 	 0.000694786312254489
5	9	1	10000	1.0 	 6.323675462075311e-06 	 4.0765064500111226e-05 	 5 	 3.705526998676307e-07 	 6.947863122518105e-05
5	10	1	100	1.0 	 0.0008075503281442424 	 0.004992261204519973 	 5 	 4.371503907556305e-05 	 0.008196569826668033
5	10	1	1000	1.0 	 8.34201859236159e-05 	 0.0005130279903396996 	 5 	 4.37150390755394e-06 	 0.0008196569826663599
5	10	1	10000	1.0 	 8.370422178782941e-06 	 5.144945320298889e-05 	 5 	 4.371503907503943e-07 	 8.196569826569855e-05
7	1	1	100	0.5 	 0.011946570706571501 	 0.03033001143063508 	 5 	 0.0005398273836827333 	 0.1901935688036373
7	1	1	1000	0.75 	 0.0010512542981065591 	 0.01387233422809142 	 7 	 0.00031930827205313775 	 0.21350158883320294
7	1	1	10000	0.75 	 0.0006498589817069137 	 0.013499637704758647 	 7 	 0.0003186245135805191 	 0.2130624134440236
7	2	1	100	0.75 	 0.02426177839249921 	 0.009848798308822251 	 7 	 0.0002151806793735176 	 0.04795961086016763
7	2	1	1000	0.8571428571428571 	 0.00037915279490097686 	 0.0035426312174591927 	 6 	 0.00021912590569832377 	 0.04064785550703844
7	2	1	10000	0.75 	 0.000231353887954464 	 0.002569225767282917 	 7 	 0.00019391026818355194 	 0.04043401849181112
7	3	1	100	0.75 	 0.0322181849746437 	 0.008749225683574453 	 7 	 5.337609041854742e-05 	 0.01725858281214235
7	3	1	1000	1.0 	 0.00014331986598365966 	 0.0006789909544647108 	 7 	 1.2980176247993421e-05 	 0.0024078226940027927
7	3	1	10000	1.0 	 1.4156406137939317e-05 	 6.821271893515359e-05 	 7 	 1.2980176247963534e-06 	 0.0002407822693997249
7	4	1	100	1.0 	 0.000957042265025778 	 0.006076774092686745 	 7 	 4.509138764603423e-05 	 0.008364452408339353
7	4	1	1000	1.0 	 9.478124495601452e-05 	 0.0006113643033971547 	 7 	 4.5091387646010615e-06 	 0.0008364452408334969
7	4	1	10000	1.0 	 9.469750762114486e-06 	 6.117447533593182e-05 	 7 	 4.509138764590438e-07 	 8.364452408315265e-05
7	5	1	100	1.0 	 0.0012658923259317243 	 0.007739831083932807 	 7 	 4.894226400562435e-05 	 0.009078789973043257
7	5	1	1000	1.0 	 0.00012514883600712 	 0.0007797951580088101 	 7 	 4.894226400562964e-06 	 0.000907878997304424
7	5	1	10000	1.0 	 1.2501618087460948e-05 	 7.803878271428213e-05 	 7 	 4.894226400547197e-07 	 9.078789973014993e-05
7	6	1	100	0.4 	 0.02998712120551452 	 0.034476490018277586 	 7 	 0.0004223141260457935 	 0.3593522252749306
7	6	1	1000	1.0 	 0.00011505079005535936 	 0.0005330634574636805 	 7 	 6.50736836470695e-06 	 0.0012071168316531294
7	6	1	10000	1.0 	 1.1525541655741017e-05 	 5.33706484696589e-05 	 7 	 6.507368364682375e-07 	 0.00012071168316485707
7	7	1	100	0.75 	 0.010913888360558456 	 0.009638967476189841 	 7 	 4.93834876078872e-05 	 0.020256982084459904
7	7	1	1000	1.0 	 0.00025068414251302947 	 0.0005290084045447771 	 7 	 2.1720761141231957e-06 	 0.0004029201191698556
7	7	1	10000	1.0 	 2.495884502313603e-05 	 5.2956088548563914e-05 	 7 	 2.1720761141267963e-07 	 4.0292011917052346e-05
7	8	1	100	0.75 	 0.0021673720756614687 	 0.009480820313397597 	 7 	 4.954778322593901e-05 	 0.12985357083110688
7	8	1	1000	1.0 	 0.00013656976328297145 	 0.0007890581738114836 	 7 	 5.124423159948685e-06 	 0.0009505804961704824
7	8	1	10000	1.0 	 1.3606774320495684e-05 	 7.894573607489354e-05 	 7 	 5.124423159950761e-07 	 9.505804961708678e-05
7	9	1	100	1.0 	 0.0016741056857220897 	 0.006884882537807554 	 7 	 5.275687917644225e-05 	 0.009786401087230025
7	9	1	1000	1.0 	 0.0001764984375629793 	 0.0007103464975643953 	 7 	 5.275687917645102e-06 	 0.0009786401087231653
7	9	1	10000	1.0 	 1.7749343929029285e-05 	 7.127273403259059e-05 	 7 	 5.275687917645102e-07 	 9.786401087231653e-05
7	10	1	100	1.0 	 0.0012926545445989866 	 0.0055300925643634435 	 7 	 5.106290068351342e-05 	 0.00947216807679169
7	10	1	1000	1.0 	 0.000131973217709552 	 0.0005639329039663521 	 7 	 5.106290068354644e-06 	 0.0009472168076797815
7	10	1	10000	1.0 	 1.3225788899805143e-05 	 5.6507477541157665e-05 	 7 	 5.106290068334127e-07 	 9.472168076759754e-05
10	1	1	100	0.4166666666666667 	 0.017350188558513134 	 0.0274415579012364 	 7 	 0.0005438559589908421 	 0.24884417227645708
10	1	1	1000	0.8181818181818182 	 0.0015825338359163087 	 0.01218333751804204 	 10 	 0.00028694380018215763 	 0.18472479159525448
10	1	1	10000	0.8181818181818182 	 0.0007123478705308162 	 0.011115029870158314 	 10 	 0.0002786468171424865 	 0.1829127093755184
10	2	1	100	0.8181818181818182 	 0.023750847220649025 	 0.010693239087739129 	 10 	 0.00018465909473908352 	 0.04182829530430131
10	2	1	1000	0.9 	 0.00045255364693016294 	 0.0030330727072445524 	 9 	 0.00017324339030557663 	 0.03176309652053772
10	2	1	10000	0.8181818181818182 	 0.00024059059488235355 	 0.0019493747797619276 	 10 	 0.00015116021046076563 	 0.030955091902245158
10	3	1	100	0.6363636363636364 	 0.017059696491686094 	 0.018535154134460257 	 8 	 0.000306680660702167 	 0.13464601308323423
10	3	1	1000	0.9 	 0.010425659180983628 	 0.005822757282300731 	 9 	 8.290131650519343e-05 	 0.015255875860882036
10	3	1	10000	1.0 	 9.535402305736417e-05 	 0.00015420620891655267 	 10 	 2.139483190008198e-06 	 0.00039045568217649764
10	4	1	100	0.8 	 0.006851801377173517 	 0.03298701580918674 	 8 	 0.0010646704770214664 	 0.20296702425852342
10	4	1	1000	0.7272727272727273 	 0.0008804344077953736 	 0.006045207057981967 	 9 	 0.00038681350526545107 	 0.23741300948861319
10	4	1	10000	1.0 	 2.1320137513297728e-05 	 0.00018366180544322847 	 10 	 3.624313660932804e-06 	 0.0006614372431202331
10	5	1	100	0.9 	 0.0064540984793837715 	 0.015764710606408758 	 9 	 0.0002479779844238165 	 0.05008524574016433
10	5	1	1000	1.0 	 0.00026154421378954596 	 0.0011635270221525041 	 10 	 9.721568638757894e-06 	 0.0017741862765733168
10	5	1	10000	1.0 	 2.614735900307315e-05 	 0.00011653907579231804 	 10 	 9.721568638790174e-07 	 0.0001774186276579208
10	6	1	100	0.35714285714285715 	 0.026138427687737425 	 0.03195637622833098 	 9 	 0.0006739852748401871 	 0.4160760649210711
10	6	1	1000	1.0 	 0.0003469692243934115 	 0.0011409544190047445 	 10 	 1.667790168532359e-05 	 0.0030437170575715426
10	6	1	10000	1.0 	 3.489946510331819e-05 	 0.00011474654001526824 	 10 	 1.6677901685500258e-06 	 0.0003043717057603784
10	7	1	100	0.8181818181818182 	 0.022477609587074322 	 0.010704414896658559 	 10 	 3.832290712662798e-05 	 0.013636286571854457
10	7	1	1000	1.0 	 0.0006515624285906287 	 0.000807225088688244 	 10 	 7.546165950296958e-06 	 0.0013771752859291814
10	7	1	10000	1.0 	 6.326530905057571e-05 	 8.082512630060015e-05 	 10 	 7.546165950318337e-07 	 0.0001377175285933083
10	8	1	100	0.38461538461538464 	 0.011998190252331002 	 0.026413416028806536 	 8 	 0.0003456929642127479 	 0.4472036455639998
10	8	1	1000	1.0 	 0.00032195759164542926 	 0.001021739648461176 	 10 	 1.1758345106786154e-05 	 0.002145897981988467
10	8	1	10000	1.0 	 3.2391124546801856e-05 	 0.00010254603057218899 	 10 	 1.1758345106726747e-06 	 0.0002145897981977625
10	9	1	100	0.8181818181818182 	 0.003012466434304912 	 0.012419616286833714 	 10 	 0.00012935555023208317 	 0.0833015770616329
10	9	1	1000	1.0 	 0.00029049826428555946 	 0.0010438878169280312 	 10 	 8.543494838968864e-06 	 0.0015591878081118171
10	9	1	10000	1.0 	 2.922776241027909e-05 	 0.00010474211546289466 	 10 	 8.543494839000002e-07 	 0.00015591878081175
10	10	1	100	0.3076923076923077 	 0.014193736220672824 	 0.037336825664264564 	 7 	 0.0009108358908169869 	 0.47395562711441597
10	10	1	1000	0.9 	 0.0015464335308321938 	 0.006651065685182004 	 9 	 0.0002107154642225087 	 0.06373402959833292
10	10	1	10000	0.8181818181818182 	 0.000551676744733079 	 0.0037731214068038154 	 10 	 0.00016918115071954 	 0.1132014386419299
2	1	2	100	1.0 	 7.915147495335134e-05 	 0.0018312592383523051 	 2 	 8.144637213828946e-06 	 0.0015515533892344058
2	1	2	1000	1.0 	 7.932463983552765e-06 	 0.0001834082054313683 	 2 	 8.144637213831567e-07 	 0.00015515533892349054
2	1	2	10000	1.0 	 7.934199886822174e-07 	 1.83436509079114e-05 	 2 	 8.144637213841766e-08 	 1.5515533892368483e-05
2	2	2	100	1.0 	 0.00014231455654445686 	 0.0015701615909955006 	 2 	 2.2692633421238033e-05 	 0.004322946666745823
2	2	2	1000	1.0 	 1.3485576474301318e-05 	 0.00015755912906619622 	 2 	 2.2692633421181635e-06 	 0.0004322946666735078
2	2	2	10000	1.0 	 1.3416792107632662e-06 	 1.576136762963259e-05 	 2 	 2.2692633420849438e-07 	 4.322946666671796e-05
2	3	2	100	1.0 	 0.0001079997769640803 	 0.002079871921161608 	 2 	 1.2058024469993437e-05 	 0.002297053661533738
2	3	2	1000	1.0 	 1.0796653446405419e-05 	 0.00020832753065676277 	 2 	 1.2058024469995333e-06 	 0.00022970536615340986
2	3	2	10000	1.0 	 1.0796341270022783e-06 	 2.083617391657767e-05 	 2 	 1.2058024470012816e-07 	 2.2970536615374293e-05
2	4	2	100	1.0 	 9.78400452551101e-05 	 0.0013420465539848556 	 2 	 5.943557679077723e-06 	 0.0011322477378643003
2	4	2	1000	1.0 	 9.770920370818774e-06 	 0.00013431289175804242 	 2 	 5.943557679077141e-07 	 0.00011322477378641893
2	4	2	10000	1.0 	 9.76961856054252e-07 	 1.3432372499776861e-05 	 2 	 5.943557679107737e-08 	 1.132247737870018e-05
2	5	2	100	1.0 	 0.00011157364176545092 	 0.0022846508624428646 	 2 	 1.8863753375200812e-05 	 0.0035935450179757356
2	5	2	1000	1.0 	 1.1318962629743025e-05 	 0.00022970733358054424 	 2 	 1.8863753375199063e-06 	 0.00035935450179754025
2	5	2	10000	1.0 	 1.133541243801936e-06 	 2.29833763168916e-05 	 2 	 1.8863753375156082e-07 	 3.5935450179672146e-05
2	6	2	100	1.0 	 6.331815281296688e-05 	 0.0011916695715389206 	 2 	 7.607126104430697e-06 	 0.00144915752289404
2	6	2	1000	1.0 	 6.30580296502339e-06 	 0.00011919159592608211 	 2 	 7.607126104433028e-07 	 0.00014491575228944842
2	6	2	10000	1.0 	 6.303216382868757e-07 	 1.1919406553520386e-05 	 2 	 7.60712610439369e-08 	 1.4491575228869902e-05
2	7	2	100	1.0 	 7.33557701963539e-05 	 0.0018530703158917876 	 2 	 9.656916835011816e-06 	 0.0018396426570697413
2	7	2	1000	1.0 	 7.429746629644732e-06 	 0.0001859616928777687 	 2 	 9.656916835008065e-07 	 0.00018396426570690266
2	7	2	10000	1.0 	 7.439364370508226e-07 	 1.8602826382377566e-05 	 2 	 9.656916834976375e-08 	 1.8396426570629898e-05
2	8	2	100	1.0 	 6.222730895474712e-05 	 0.0007503373743355168 	 2 	 1.676566251122294e-06 	 0.00031938587083879533
2	8	2	1000	1.0 	 6.2216118734145016e-06 	 7.502724748366548e-05 	 2 	 1.6765662511199628e-07 	 3.1938587083835124e-05
2	8	2	10000	1.0 	 6.221500205343316e-07 	 7.502659855053032e-06 	 2 	 1.6765662511695003e-08 	 3.1938587084778813e-06
2	9	2	100	0.3333333333333333 	 0.002856203733850475 	 0.0028362336677974793 	 2 	 2.0189663110561926e-05 	 0.02025218014882655
2	9	2	1000	1.0 	 0.00016143496072372932 	 0.0002615161914509345 	 2 	 2.0421359240440667e-06 	 0.0003890268935303927
2	9	2	10000	1.0 	 1.5867693764091693e-05 	 2.6153893097571556e-05 	 2 	 2.0421359240392043e-07 	 3.890268935294664e-05
2	10	2	100	0.3333333333333333 	 0.0011976859581324445 	 0.0014840665371093637 	 2 	 7.746582632202971e-06 	 0.027675278871370102
2	10	2	1000	1.0 	 0.00019393324922283996 	 0.00017776937668420072 	 2 	 7.33708379221518e-07 	 0.00013977144624169845
2	10	2	10000	1.0 	 1.9485519255566734e-05 	 1.7848787126884464e-05 	 2 	 7.337083792206346e-08 	 1.3977144624153018e-05
3	1	2	100	1.0 	 0.00014545520268329878 	 0.0012215041611071203 	 3 	 3.963751671312454e-06 	 0.0007511309417137096
3	1	2	1000	1.0 	 1.4564407069086633e-05 	 0.00012230320847326953 	 3 	 3.963751671313699e-07 	 7.511309417139456e-05
3	1	2	10000	1.0 	 1.4566299441452926e-06 	 1.2231851561016463e-05 	 3 	 3.96375167129539e-08 	 7.511309417104761e-06
3	2	2	100	0.6666666666666666 	 0.00013503906956336399 	 0.002912407255564544 	 2 	 0.00014232790621244223 	 0.02697113822725744
3	2	2	1000	0.6666666666666666 	 9.20999540886603e-05 	 0.0023081266462429114 	 2 	 0.00013524723677938583 	 0.02562935136969327
3	2	2	10000	0.5 	 6.131659378403643e-05 	 0.0018896786840706574 	 3 	 0.00011938968997700778 	 0.025704467217496023
3	3	2	100	1.0 	 0.00010988250107865512 	 0.0010353575778467728 	 3 	 6.2061021323648665e-06 	 0.0011760563540831328
3	3	2	1000	1.0 	 1.0941813777390887e-05 	 0.00010357948084023813 	 3 	 6.206102132366478e-07 	 0.00011760563540834379
3	3	2	10000	1.0 	 1.0937201270586003e-06 	 1.0358386002590441e-05 	 3 	 6.206102132390644e-08 	 1.1760563540880176e-05
3	4	2	100	1.0 	 6.947418398631302e-05 	 0.0015063159473827964 	 3 	 1.006825027351782e-05 	 0.00190793342683164
3	4	2	1000	1.0 	 6.9419748407151965e-06 	 0.0001506788422703074 	 3 	 1.0068250273515842e-06 	 0.00019079334268312653
3	4	2	10000	1.0 	 6.941440420084103e-07 	 1.5068361510266935e-05 	 3 	 1.0068250273501195e-07 	 1.9079334268284898e-05
3	5	2	100	1.0 	 0.00022663804787618406 	 0.0026711415517226235 	 3 	 1.8857542570343352e-05 	 0.0035735043170800895
3	5	2	1000	1.0 	 2.2682332841299265e-05 	 0.0002681701310208148 	 3 	 1.885754257034042e-06 	 0.00035735043170795344
3	5	2	10000	1.0 	 2.2684934552201443e-06 	 2.6827800358622895e-05 	 3 	 1.8857542570377036e-07 	 3.573504317086473e-05
3	6	2	100	0.75 	 0.00954126311145317 	 0.002913024639358158 	 4 	 3.347094797850743e-05 	 0.006342744641927151
3	6	2	1000	1.0 	 2.907518625019257e-05 	 0.00021017654886299841 	 3 	 1.1040730146084419e-06 	 0.00020922183626830015
3	6	2	10000	1.0 	 2.9073107891770305e-06 	 2.102060277944438e-05 	 3 	 1.1040730146047069e-07 	 2.092218362675924e-05
3	7	2	100	1.0 	 0.00010811760750961822 	 0.0014186102076174868 	 3 	 8.803959043019699e-06 	 0.0016683502386522359
3	7	2	1000	1.0 	 1.0866016363972456e-05 	 0.0001422261712821267 	 3 	 8.803959043018381e-07 	 0.0001668350238651986
3	7	2	10000	1.0 	 1.0871475033604925e-06 	 1.4226286229165038e-05 	 3 	 8.803959043022776e-08 	 1.6683502386528187e-05
3	8	2	100	1.0 	 0.0002458649789406262 	 0.002368551799656924 	 3 	 1.069577441340496e-05 	 0.0020268492513402236
3	8	2	1000	1.0 	 2.4529349292004173e-05 	 0.00023688704209973174 	 3 	 1.0695774413408474e-06 	 0.00020268492513408898
3	8	2	10000	1.0 	 2.4523696964350838e-06 	 2.3689035400585962e-05 	 3 	 1.0695774413467061e-07 	 2.026849251351992e-05
3	9	2	100	0.5 	 0.006358017649086257 	 0.0029557955223894544 	 3 	 1.0296890792117356e-05 	 0.012242855118120026
3	9	2	1000	1.0 	 0.00031426146226308955 	 0.00022450428508514938 	 3 	 1.0056872330986214e-06 	 0.00019057773067218935
3	9	2	10000	1.0 	 3.133408060568016e-05 	 2.245157400835761e-05 	 3 	 1.0056872331133643e-07 	 1.9057773067498313e-05
3	10	2	100	0.5 	 0.0016003056614141995 	 0.002433763689129613 	 3 	 1.473380505800594e-05 	 0.01734746477411491
3	10	2	1000	1.0 	 7.571511124486853e-05 	 0.0002183111951918246 	 3 	 1.4956578830241575e-06 	 0.00028342716883307615
3	10	2	10000	1.0 	 7.645748265588893e-06 	 2.1867275126615893e-05 	 3 	 1.495657883024528e-07 	 2.834271688331464e-05
5	1	2	100	0.8 	 0.005683645885861768 	 0.015691503427215425 	 4 	 0.0003275895673427771 	 0.06142304387677105
5	1	2	1000	0.6666666666666666 	 0.0009233428276947683 	 0.02274454709817666 	 5 	 0.0005106320463330753 	 0.3456846435493091
5	1	2	10000	0.6666666666666666 	 0.0009070654412542012 	 0.02245449415615755 	 5 	 0.0005110456197299847 	 0.34547534458413565
5	2	2	100	0.8 	 0.00015861584604153357 	 0.0021572138853446065 	 4 	 8.169880729942802e-05 	 0.01567868218583807
5	2	2	1000	0.8 	 8.766632458048769e-05 	 0.001246003331122495 	 4 	 7.405086277655797e-05 	 0.013884536770604717
5	2	2	10000	0.8 	 8.058290950203592e-05 	 0.001233223989736898 	 4 	 7.405086277655819e-05 	 0.013884536770604758
5	3	2	100	1.0 	 0.00014096747208844967 	 0.0011630838754476825 	 5 	 7.393582453047258e-06 	 0.0013862967099463608
5	3	2	1000	1.0 	 1.4087880831022132e-05 	 0.00011644880055983 	 5 	 7.393582453046517e-07 	 0.0001386296709946222
5	3	2	10000	1.0 	 1.4087008472545257e-06 	 1.1646290556968181e-05 	 5 	 7.393582453041336e-08 	 1.3862967099452506e-05
5	4	2	100	0.8333333333333334 	 0.011290800221462904 	 0.0062414203917029905 	 6 	 4.105237889912079e-05 	 0.00769732104358512
5	4	2	1000	1.0 	 3.8946407485599485e-05 	 0.00035619790879075564 	 5 	 3.6851833129889575e-06 	 0.000690971871185428
5	4	2	10000	1.0 	 3.9019491838271345e-06 	 3.5687194237559256e-05 	 5 	 3.6851833129691957e-07 	 6.909718711817225e-05
5	5	2	100	1.0 	 0.00036899362736070535 	 0.002382458226987051 	 5 	 1.8054348415257014e-05 	 0.0033851903278607487
5	5	2	1000	1.0 	 3.734495692528174e-05 	 0.00023936961198335076 	 5 	 1.8054348415259602e-06 	 0.00033851903278612344
5	5	2	10000	1.0 	 3.739041424047115e-06 	 2.3948440763366904e-05 	 5 	 1.8054348415263673e-07 	 3.385190327861998e-05
5	6	2	100	0.6666666666666666 	 0.004922350446675908 	 0.00448208214890406 	 5 	 4.060865221670529e-05 	 0.026606652384828705
5	6	2	1000	1.0 	 0.00019023445557395224 	 0.00033327656149033255 	 5 	 3.5059066698907383e-06 	 0.0006573575006045135
5	6	2	10000	1.0 	 1.9178859031474113e-05 	 3.343631229346147e-05 	 5 	 3.5059066698885543e-07 	 6.573575006041041e-05
5	7	2	100	1.0 	 0.0005781045087228105 	 0.0026683930081805142 	 5 	 1.4077177743970056e-05 	 0.0026394708269943876
5	7	2	1000	1.0 	 5.610081003556732e-05 	 0.00026749378250221455 	 5 	 1.407717774397557e-06 	 0.00026394708269954215
5	7	2	10000	1.0 	 5.593898103898366e-06 	 2.675596368452286e-05 	 5 	 1.407717774407808e-07 	 2.6394708270146422e-05
5	8	2	100	1.0 	 0.0002891229285006675 	 0.0017809648077791397 	 5 	 5.6485774744279336e-06 	 0.0010591082764552298
5	8	2	1000	1.0 	 2.8874805289014642e-05 	 0.0001779531252357086 	 5 	 5.648577474426417e-07 	 0.00010591082764549455
5	8	2	10000	1.0 	 2.887108494671598e-06 	 1.7793882654774012e-05 	 5 	 5.6485774745707446e-08 	 1.059108276482007e-05
5	9	2	100	0.6666666666666666 	 0.007184366320147554 	 0.006519198616341223 	 5 	 4.396711998935195e-05 	 0.016323629107867197
5	9	2	1000	1.0 	 0.0003628613725245119 	 0.0005579408220309117 	 5 	 3.963163181766116e-06 	 0.0007430930965811522
5	9	2	10000	1.0 	 3.643789743222171e-05 	 5.5867427530587205e-05 	 5 	 3.963163181775077e-07 	 7.430930965828322e-05
5	10	2	100	0.6666666666666666 	 0.004687800236207585 	 0.0017184383826873298 	 5 	 1.4251713541121027e-05 	 0.009877228097527316
5	10	2	1000	1.0 	 0.00015191975178854446 	 0.0001988658641111525 	 5 	 2.3058394411403837e-06 	 0.00043234489521382183
5	10	2	10000	1.0 	 1.5046439987253914e-05 	 1.9894679873256068e-05 	 5 	 2.3058394411392784e-07 	 4.323448952136145e-05
7	1	2	100	0.8571428571428571 	 0.004955239382565706 	 0.019336071268442855 	 6 	 0.0005408668123244942 	 0.10092690434428211
7	1	2	1000	0.75 	 0.0005799386346978915 	 0.0138171076874695 	 7 	 0.00023304066817631374 	 0.19773850613858232
7	1	2	10000	0.75 	 0.0005324138833774706 	 0.013598268549921171 	 7 	 0.00023255453014739655 	 0.1975923847709034
7	2	2	100	0.8571428571428571 	 0.0004017995960467746 	 0.002574264574743637 	 6 	 6.288382936514061e-05 	 0.011664950347233435
7	2	2	1000	0.8571428571428571 	 0.0001055621093268791 	 0.0010770709968599848 	 6 	 5.852252765523837e-05 	 0.010855928880046547
7	2	2	10000	0.8571428571428571 	 8.49811950287185e-05 	 0.0009671057473280484 	 6 	 5.82290594195513e-05 	 0.010801490522326592
7	3	2	100	1.0 	 0.001346681867918702 	 0.008497941626240325 	 7 	 0.00012525909457040315 	 0.023235562042809507
7	3	2	1000	1.0 	 0.00013639391431704645 	 0.0008804785085768923 	 7 	 1.252590945704776e-05 	 0.0023235562042823316
7	3	2	10000	1.0 	 1.366311514994975e-05 	 8.838431069630721e-05 	 7 	 1.2525909457008107e-06 	 0.00023235562042749763
7	4	2	100	0.6666666666666666 	 0.012244226210507027 	 0.009040234742902206 	 8 	 5.904201594284623e-05 	 0.0533905578868503
7	4	2	1000	1.0 	 0.00010366509301473019 	 0.0005889801431143498 	 7 	 6.133346385197001e-06 	 0.0011377357544540521
7	4	2	10000	1.0 	 1.0387471973111978e-05 	 5.905655179420313e-05 	 7 	 6.133346385224624e-07 	 0.00011377357544591765
7	5	2	100	1.0 	 0.0015501470199600512 	 0.0049584849470367546 	 7 	 2.995550643244927e-05 	 0.005556746443219379
7	5	2	1000	1.0 	 0.000156047408881121 	 0.0005003065702098321 	 7 	 2.9955506432454167e-06 	 0.0005556746443220288
7	5	2	10000	1.0 	 1.5616116597046804e-05 	 5.00767689249747e-05 	 7 	 2.995550643258005e-07 	 5.5567464432436375e-05
7	6	2	100	0.8571428571428571 	 0.003749488659645369 	 0.006638087076794154 	 6 	 0.00021769045450709658 	 0.0412070845343765
7	6	2	1000	1.0 	 0.00012840112805390344 	 0.0002836106065443064 	 7 	 2.9724906263017314e-06 	 0.000551397011178973
7	6	2	10000	1.0 	 1.2838345527683872e-05 	 2.8368147876501415e-05 	 7 	 2.972490626254693e-07 	 5.5139701117024736e-05
7	7	2	100	1.0 	 0.0007702053771719363 	 0.00268183959099176 	 7 	 1.725100855010391e-05 	 0.0032000620860442937
7	7	2	1000	1.0 	 7.685939066845206e-05 	 0.000268755925987631 	 7 	 1.7251008550116669e-06 	 0.00032000620860466594
7	7	2	10000	1.0 	 7.68437341366092e-06 	 2.6881406238257056e-05 	 7 	 1.7251008550225895e-07 	 3.200062086066922e-05
7	8	2	100	0.75 	 0.00818818092025885 	 0.003397437247466456 	 7 	 2.2409335735305932e-05 	 0.0070673022507206215
7	8	2	1000	1.0 	 0.0005237955552376568 	 0.00030074596351074276 	 7 	 1.4775501968713227e-06 	 0.00027408556151962797
7	8	2	10000	1.0 	 5.4760534453616736e-05 	 3.035784146401194e-05 	 7 	 1.4775501968670118e-07 	 2.7408556151882826e-05
7	9	2	100	0.75 	 0.006529329390204843 	 0.006318483610029061 	 7 	 5.56114957227039e-05 	 0.01571624194333146
7	9	2	1000	1.0 	 0.0003994555620138691 	 0.0005489647015452165 	 7 	 4.584949623253915e-06 	 0.0008505081551136045
7	9	2	10000	1.0 	 4.114975432818687e-05 	 5.51678801997656e-05 	 7 	 4.5849496232397917e-07 	 8.505081551109846e-05
7	10	2	100	0.8571428571428571 	 0.0036950763845817703 	 0.006663070575078674 	 6 	 9.912930779459716e-05 	 0.018388486595897827
7	10	2	1000	1.0 	 0.00021555541826926453 	 0.000664154636261819 	 7 	 8.905975001584857e-06 	 0.0016520583627939998
7	10	2	10000	1.0 	 2.0949885113728708e-05 	 6.64886617986661e-05 	 7 	 8.90597500157e-07 	 0.00016520583627912437
10	1	2	100	0.7272727272727273 	 0.0033057766362919053 	 0.006505892591089438 	 9 	 9.011483793768143e-05 	 0.06513292606080866
10	1	2	1000	0.8181818181818182 	 0.00026204803435950474 	 0.0009479333558816628 	 10 	 1.5137662569629655e-05 	 0.007642185653126993
10	1	2	10000	0.8181818181818182 	 5.01265268744791e-05 	 0.000448346526026142 	 10 	 1.0435854502272481e-05 	 0.006633936268194645
10	2	2	100	0.9 	 0.0009703829899085901 	 0.003268404643994254 	 9 	 5.1707706443004136e-05 	 0.009436656425848292
10	2	2	1000	0.9 	 0.00016230798614125038 	 0.0008210605766842162 	 9 	 4.05700747968505e-05 	 0.007404038650425246
10	2	2	10000	0.9 	 8.677509938860358e-05 	 0.0006217447441896135 	 9 	 3.9636674490542816e-05 	 0.007233693094524092
10	3	2	100	0.9 	 0.005355967118986687 	 0.005947610567233387 	 9 	 7.614850453322821e-05 	 0.013897102077314203
10	3	2	1000	1.0 	 0.0005339645544551896 	 0.0006295931542740146 	 10 	 9.304500333212235e-06 	 0.0016980713108112394
10	3	2	10000	1.0 	 5.5627835468120035e-05 	 6.390302838530874e-05 	 10 	 9.304500333336352e-07 	 0.00016980713108338908
10	4	2	100	0.9 	 0.001025474675032518 	 0.006770438119695938 	 9 	 0.00010125586267526997 	 0.01847919493823679
10	4	2	1000	0.9 	 0.00010520707474434094 	 0.0007044639700762865 	 9 	 1.4977474571855511e-05 	 0.0027333891093636368
10	4	2	10000	0.9 	 1.785617059556867e-05 	 0.00011359933043259457 	 9 	 6.591883184125878e-06 	 0.0012030186811029771
10	5	2	100	1.0 	 0.001617626540414347 	 0.004247574413467672 	 10 	 4.340783976091022e-05 	 0.007921930756366078
10	5	2	1000	1.0 	 0.00016515350129593333 	 0.00043079990262087165 	 10 	 4.340783976106441e-06 	 0.0007921930756394219
10	5	2	10000	1.0 	 1.6551799435114564e-05 	 4.314349102638376e-05 	 10 	 4.340783976370462e-07 	 7.921930756876056e-05
10	6	2	100	0.9 	 0.004228694532892088 	 0.005846794370596599 	 9 	 0.0001829791782775822 	 0.039241520536967826
10	6	2	1000	1.0 	 0.0001699337509908591 	 0.00023341125322230843 	 10 	 5.233166042219933e-06 	 0.0009550528027051407
10	6	2	10000	1.0 	 1.698222225046899e-05 	 2.336400969706895e-05 	 10 	 5.233166042193191e-07 	 9.5505280270026e-05
10	7	2	100	0.7272727272727273 	 0.00536305042905752 	 0.0067448058908981525 	 9 	 9.518308052693335e-05 	 0.03302042781876109
10	7	2	1000	1.0 	 0.0004207612054299145 	 0.0005239013638510248 	 10 	 5.805044768893732e-06 	 0.0010594206703231099
10	7	2	10000	1.0 	 4.3561400900312444e-05 	 5.322624451162264e-05 	 10 	 5.805044769498869e-07 	 0.00010594206704335474
10	8	2	100	0.9 	 0.01642068755519206 	 0.00406782522366538 	 9 	 3.061085016534358e-05 	 0.005992825222251292
10	8	2	1000	0.9 	 0.016199596022438083 	 0.0024225817333846443 	 9 	 3.305329074111653e-05 	 0.006032225560253792
10	8	2	10000	0.9 	 0.016192052143551242 	 0.002436573888892779 	 9 	 3.47072451133086e-05 	 0.0063340722331788465
10	9	2	100	0.9 	 0.007097888874075777 	 0.006488794373006031 	 9 	 7.916492412939375e-05 	 0.014447598653614387
10	9	2	1000	1.0 	 0.000532538333264487 	 0.0006901522092137211 	 10 	 8.207173342644784e-06 	 0.0014978091350326761
10	9	2	10000	1.0 	 4.866229682569421e-05 	 6.904163396295046e-05 	 10 	 8.207173342695266e-07 	 0.00014978091350418892
10	10	2	100	0.6363636363636364 	 0.005787481181908667 	 0.013890605638605103 	 8 	 0.0007503948764305253 	 0.24338318624628624
10	10	2	1000	0.8181818181818182 	 0.0003755285764994135 	 0.002359107959533778 	 10 	 7.230925931084384e-05 	 0.04511682477047305
10	10	2	10000	0.8181818181818182 	 9.935299385145334e-05 	 0.0014490436601666966 	 10 	 6.269528353196942e-05 	 0.041508392833893924
