REF_ID	ESTIMATED_DISTANCE	PORTION_MAPPED	TRUE_DISTANCE
G000009765	0.16926	0.55556	0.17149787313072132
G000010605	0.176325	0.51279	0.1890465000437844
G000024025	0.221781	0.2542	0.34919060460501916
G000091305	0.173234	0.53608	0.18247386884765976
G000092385	0.186295	0.4908	0.2161206046050191
G000147815	0.187056	0.48087	0.21488060460501912
G000156435	0.167518	0.52736	0.17669786599228537
G000158915	0.186074	0.47866	0.2220106046050191
G000158935	0.167385	0.55375	0.18095786599228542
G000158955	0.168675	0.54399	0.1807578659922854
G000163875	0.184595	0.46274	0.20796806226063652
G000203835	0.166773	0.55764	0.18101786599228542
G000204605	0.172099	0.51691	0.1819818059587871
G000213055	0.188865	0.41809	0.21400751816458455
G000225525	0.18182	0.07672	0.1732178659922854
G000240165	0.191757	0.43923	0.21843060460501912
G000242715	0.0300639	0.00197	0.19520560777425452
G000253235	0.173978	0.53707	0.1791480622606365
G000269985	0.205741	0.40848	0.2699906046050191
G000317595	0.174207	0.51437	0.17875386884765976
G000331005	0.174456	0.5171	0.18660180595878711
G000342125	0.18562	0.44769	0.1994526310231703
G000349325	0.169431	0.54814	0.1722378659922854
G000372745	0.154637	2e-05	0.3003606046050191
G000373565	0.199227	0.01227	0.1898593738269058
G000373665	0.203617	0.04677	0.22317060460501914
G000375725	0.217252	0.03506	0.1884365000437844
G000376565	0.170879	0.56415	0.18035180595878708
G000380165		0.2611406046050191
G000381025	0.201373	0.32539	0.2590206046050191
G000384115	0.224985	0.16848	0.36954060460501914
G000384175	0.212993	0.0321	0.17918806226063655
G000424785	0.192872	0.3944	0.24225060460501913
G000424825	0.193544	0.37925	0.2253306046050191
G000424845	0.193617	0.31999	0.23727060460501911
G000424965	0.194347	0.34108	0.24225060460501913
G000426325	0.19279	0.37347	0.2181606046050191
G000429085	0.174803	0.48587	0.1867565000437844
G000444875	0.166428	0.55547	0.15902011469240168
G000497405	0.193085	0.30159	0.2476606046050191
G000497425	0.181013	0.4758	0.19747650004378442
G000497445	0.169011	0.55081	0.1729701146924017
G000504285	0.219583	0.23916	0.33978060460501913
G000696185	0.204457	0.38298	0.27183060460501907
G000710465	0.203567	0.397	0.2575506046050191
G000716215	0.168498	0.5487	0.1773778659922854
G000716675	0.174735	0.55712	0.1789193738269058
G000716805	0.174749	0.5076	0.1873278731307213
G000717025	0.178654	0.47779	0.1931865000437844
G000717345	0.177691	0.50954	0.18739775130149147
G000717715	0.204068	0.40812	0.2596506046050191
G000717745	0.179289	0.48159	0.1982326561099883
G000718015	0.182512	0.45585	0.19290102117382268
G000718025	0.203622	0.40786	0.2640406046050191
G000718095	0.179274	0.48949	0.1922365000437844
G000718315	0.169115	0.54555	0.17068011469240169
G000718595	0.173653	0.51448	0.18051806226063655
G000718635	0.183287	0.48773	0.19866263102317028
G000718985	0.188564	0.36631	0.2280806046050191
G000719135	0.202485	0.33017	0.24973060460501914
G000719265	0.182737	0.45978	0.19402263102317027
G000719335	0.180241	0.495	0.18975549926802154
G000719955	0.182035	0.47707	0.18880751816458455
G000720455	0.181657	0.49366	0.19708549926802152
G000720475	0.177123	0.51168	0.1870193738269058
G000721105	0.169452	0.55299	0.1705078659922854
G000721235	0.169388	0.54649	0.17725786599228538
G000721265	0.18768	0.42467	0.21608650004378438
G000721275	0.176363	0.53067	0.18385806226063653
G000721445	0.195966	0.4281	0.2386006046050191
G000725495	0.171403	0.55597	0.1744578731307213
G000725795	0.16912	0.50557	0.1723601146924017
G000744225	0.204046	0.35645	0.2682406046050191
G000744655	0.203113	0.34645	0.26057060460501913
G000744705	0.204651	0.36058	0.26591060460501914
G000744785	0.201071	0.34864	0.26270060460501915
G000744815	0.206868	0.35262	0.27113060460501914
G000745345	0.194623	0.39621	0.2303006046050191
G000787795	0.182008	0.01498	0.27076060460501916
G000787835	0.203664	0.34504	0.2716606046050191
G000802245	0.174974	0.46437	0.1900201146924017
G000818195	0.222076	0.03913	0.1962365000437844
G000819545	0.176394	0.29763	0.18431161062962886
G000827005	0.179492	0.50575	0.18952783974738382
G000830005	0.17341	0.53089	0.17656806226063654
G000935125	0.180209	0.46513	0.18682775130149148
G000938975	0.187053	0.49341	0.2114306046050191
G000955975	0.200874	0.33575	0.26269060460501914
G000964305	0.195239	0.34596	0.24239060460501907
G000968255	0.169756	0.56959	0.1736778731307213
G000993785	0.197999	0.32686	0.2416506046050191
G001005085	0.169297	0.57662	0.1709301146924017
G001011035	0.197393	0.40794	0.23210060460501913
G001013905	0.167801	0.54442	0.17091786599228542
G001083795	0.20274	0.35566	0.2494506046050191
G001187435	0.185242	0.44061	0.1969626310231703
G001278075	0.175511	0.49843	0.19220806226063653
G001279725	0.182211	0.45759	0.20010549926802151
G001279985	0.170315	0.53647	0.17553786599228538
G001298575	0.175269	0.53235	0.1835918059587871
G001418335	0.173999	0.49155	0.1837878731307213
G001418415	0.171482	0.49038	0.18328786599228541
G001418465	0.172288	0.55606	0.1814593738269058
G001418475	0.172575	0.51486	0.18287386884765977
G001418495	0.179199	0.39664	0.20152060460501914
G001418575	0.201295	0.34967	0.25625060460501914
G001418585	0.170557	0.54243	0.1755478659922854
G001418655	0.172714	0.54914	0.1685078731307213
G001419695	0.17191	0.46156	0.18900786599228542
G001419745	0.170478	0.55971	0.17971937382690578
G001429805	0.225713	0.01246	0.2701406046050191
G001493375	0.197886	0.33987	0.23839060460501915
G001509795	0.16853	0.54436	0.16793786599228538
G001511815	0.165965	0.59241	0.1641201146924017
G001513975	0.167974	0.54063	0.1697278659922854
G001514045	0.171405	0.55222	0.1761578659922854
G001611795	0.168922	0.55147	0.17132786599228542
G001625365	0.203152	0.39358	0.25915060460501915
G001646665	0.174569	0.51564	0.17564806226063653
G001660045	0.167225	0.55659	0.1785478659922854
G001693675	0.184095	0.45464	0.20548806226063654
G001729485	0.178241	0.50756	0.18563775130149146
G001746425	0.179208	0.48296	0.19308549926802154
G001750785	0.180215	0.47763	0.18972806226063654
G001751375	0.192952	0.38147	0.24305060460501915
G001888885	0.201876	0.37874	0.26984060460501913
G001905365	0.176781	0.51401	0.1831465000437844
G900090125	0.195239	0.34596	0.2423706046050191
G900142575	0.193685	0.41982	0.23106060460501912
