2	1	0	0	1.0 	 2.2393843100446876e-18 	 2.1086725463950304e-17 	 2 	 0.0 	 0.0
2	2	0	0	1.0 	 7.498642855714933e-16 	 8.502884426777355e-15 	 2 	 2.048227718623215e-17 	 2.5500435096859064e-15
2	3	0	0	1.0 	 2.931470039093716e-16 	 4.7628006707858434e-15 	 2 	 1.0255072115011478e-17 	 1.27675647831893e-15
2	4	0	0	1.0 	 4.438062420232612e-12 	 3.346405964702086e-10 	 2 	 2.0548979742249793e-11 	 2.5583479779101026e-09
2	5	0	0	1.0 	 2.5393731865135237e-17 	 3.3988317016505587e-16 	 2 	 4.458727006526789e-19 	 5.5511151231257815e-17
2	6	0	0	1.0 	 8.91591852711198e-18 	 1.6221309315544265e-16 	 2 	 2.2293635032633326e-19 	 2.7755575615628914e-17
2	7	0	0	1.0 	 2.0249379981513146e-17 	 5.653223241109632e-16 	 2 	 1.7834908026106908e-18 	 2.220446049250313e-16
2	8	0	0	1.0 	 4.962195791829509e-18 	 7.50093520311804e-17 	 2 	 2.2293635032633326e-19 	 2.7755575615628914e-17
2	9	0	0	1.0 	 4.446307445496631e-18 	 6.065410763403945e-17 	 2 	 2.368698722217291e-19 	 2.949029909160572e-17
2	10	0	0	1.0 	 5.810432489762033e-17 	 1.1814891507550006e-16 	 2 	 5.016067882342622e-19 	 6.245004513516506e-17
3	1	0	0	1.0 	 5.613616386390478e-17 	 4.316142227126082e-16 	 3 	 6.742245088816804e-19 	 8.326672684688674e-17
3	2	0	0	1.0 	 1.024397305604063e-15 	 1.3217635439940192e-14 	 3 	 1.771243970207891e-17 	 2.1874863032067537e-15
3	3	0	0	1.0 	 4.4316943404186253e-14 	 6.002885799058172e-13 	 3 	 6.925858896735575e-15 	 8.553435737468363e-13
3	4	0	0	1.0 	 4.45168814751632e-12 	 2.0841430981293636e-10 	 3 	 1.2589232737702298e-11 	 1.5547702431062405e-09
3	5	0	0	1.0 	 2.6926329005631824e-17 	 3.3786718602210205e-16 	 3 	 6.742245088816773e-19 	 8.326672684688674e-17
3	6	0	0	1.0 	 4.875439466638207e-14 	 1.657105057384356e-12 	 3 	 2.699010605654514e-14 	 3.333278097983339e-12
3	7	0	0	1.0 	 2.838266752531466e-16 	 2.9162179696510914e-15 	 3 	 1.0478572575536018e-17 	 1.294103713078698e-15
3	8	0	0	1.0 	 1.843777976785293e-17 	 2.436949400934964e-16 	 3 	 6.742245088816804e-19 	 8.326672684688675e-17
3	9	0	0	1.0 	 3.8265681844295524e-16 	 4.885418420521899e-16 	 3 	 3.244705448993056e-18 	 4.0072112295064244e-16
3	10	0	0	1.0 	 1.779977955825071e-17 	 9.750197991411167e-17 	 3 	 7.4445622855684925e-19 	 9.194034422677079e-17
5	1	0	0	1.0 	 4.939089217163228e-16 	 5.0730066945567325e-15 	 5 	 2.1930331350620566e-17 	 2.664535259100376e-15
5	2	0	0	1.0 	 5.872589791761867e-12 	 5.3665242066875957e-11 	 5 	 2.8894659584524363e-12 	 3.5107011395196775e-10
5	3	0	0	1.0 	 8.986126918868907e-14 	 7.161883311535409e-13 	 5 	 8.102229449772134e-15 	 9.844208781473185e-13
5	4	0	0	1.0 	 4.526604298585287e-12 	 1.444729485483021e-10 	 5 	 8.180717534573623e-12 	 9.939571804506997e-10
5	5	0	0	1.0 	 9.38630635245547e-17 	 5.714080520254088e-16 	 5 	 3.1410630840732506e-18 	 3.8163916471489756e-16
5	6	0	0	1.0 	 5.1321490576296256e-14 	 1.2801092709471368e-12 	 5 	 2.204465176932107e-14 	 2.6784251899725216e-12
5	7	0	0	1.0 	 3.607407142987678e-16 	 3.229706767006326e-15 	 5 	 5.968019859739118e-18 	 7.251144129583054e-16
5	8	0	0	1.0 	 7.981885641002283e-17 	 4.977324120796003e-16 	 5 	 2.170189039905144e-18 	 2.6367796834847473e-16
5	9	0	0	1.0 	 6.944126104410122e-17 	 3.777861638416322e-16 	 5 	 2.3557973130549264e-18 	 2.8622937353617317e-16
5	10	0	0	1.0 	 2.5394751869471314e-09 	 2.9185597717394842e-09 	 5 	 2.5671255287484654e-10 	 3.1190575174294e-08
7	1	0	0	1.0 	 1.32405681454355e-13 	 3.210209848882897e-13 	 7 	 1.978891248913462e-15 	 2.3647750424515834e-13
7	2	0	0	1.0 	 4.904579355700208e-12 	 5.036719493146018e-11 	 7 	 2.6410008536206053e-12 	 3.155996020076657e-10
7	3	0	0	1.0 	 2.9608457867069934e-13 	 1.5426232018073636e-12 	 7 	 1.717216559558149e-14 	 2.052073788672004e-12
7	4	0	0	1.0 	 4.593450253228232e-12 	 1.095271843178082e-10 	 7 	 6.3848137318797224e-12 	 7.629852409596347e-10
7	5	0	0	1.0 	 2.1308314670053333e-11 	 8.041337766557245e-11 	 7 	 2.3832553782627766e-12 	 2.8479901770239735e-10
7	6	0	0	1.0 	 2.1749555356571535e-14 	 2.6961831215646393e-13 	 7 	 5.439947655518847e-15 	 6.500737448345007e-13
7	7	0	0	1.0 	 1.1743672671241195e-13 	 6.980130919617353e-13 	 7 	 2.4283399558960018e-14 	 2.9018662472957146e-12
7	8	0	0	0.8571428571428571 	 0.015298947036206437 	 0.0035342378519250765 	 6 	 4.1288827276515814e-05 	 0.005335440787264009
7	9	0	0	1.0 	 2.043472326825397e-14 	 1.1093867785700152e-14 	 7 	 7.459310946700328e-17 	 8.913876581306823e-15
7	10	0	0	1.0 	 2.7628058260739296e-09 	 2.700909304481224e-09 	 7 	 2.366609532523965e-10 	 2.8280983913660928e-08
10	1	0	0	1.0 	 4.495014015174076e-12 	 1.2214046713655046e-11 	 10 	 3.4858487251931306e-13 	 4.061013764850019e-11
10	2	0	0	1.0 	 3.0693642515504814e-11 	 1.4623186306293985e-10 	 10 	 5.728170136301565e-12 	 6.673318208791357e-10
10	3	0	0	1.0 	 0.002137736418277167 	 0.002798460863985025 	 10 	 4.751949874148664e-05 	 0.010318039791579418
10	4	0	0	0.9 	 1.4186900286836218e-06 	 4.296963896117362e-05 	 9 	 9.24298619014887e-06 	 0.0010768078911523498
10	5	0	0	1.0 	 5.180484547084267e-09 	 2.12239984626963e-08 	 10 	 8.887311823819665e-10 	 1.0353718274749843e-07
10	6	0	0	1.0 	 1.1647624774175826e-09 	 2.8100678264584283e-09 	 10 	 1.9452622949349253e-10 	 2.2662305735991765e-08
10	7	0	0	1.0 	 2.894835325660863e-09 	 2.7489180769675092e-08 	 10 	 3.847342800404115e-09 	 4.48215436247082e-07
10	8	0	0	0.6363636363636364 	 0.018422388379001453 	 0.012496048527017748 	 8 	 0.0006730169361746617 	 0.16815563581056783
10	9	0	0	0.9 	 0.009287648863336037 	 0.0030054020088035784 	 9 	 3.817154786184738e-05 	 0.004446985325905241
10	10	0	0	1.0 	 2.8967165399158925e-09 	 2.2696995987084356e-09 	 10 	 1.8526861465975935e-10 	 2.1583793607862084e-08
2	1	1	100	1.0 	 0.0001346285361719045 	 0.002264394432558884 	 2 	 3.943144613103286e-06 	 0.0004909215043313597
2	1	1	1000	1.0 	 1.3466969619094093e-05 	 0.0002267993800580508 	 2 	 3.943144613092362e-07 	 4.909215043299997e-05
2	1	1	10000	1.0 	 1.3467382346090668e-06 	 2.268354366828203e-05 	 2 	 3.9431446131035084e-08 	 4.909215043313875e-06
2	2	1	100	1.0 	 0.0008160895369073454 	 0.0330056675975318 	 2 	 0.00016126291642416506 	 0.020077233094808578
2	2	1	1000	1.0 	 8.434914954650246e-05 	 0.0034224014422182822 	 2 	 1.6126291642430015e-05 	 0.0020077233094825397
2	2	1	10000	1.0 	 8.463936830345267e-06 	 0.0003435172009373144 	 2 	 1.612629164249489e-06 	 0.00020077233094906166
2	3	1	100	1.0 	 2.3282279203592915e-05 	 0.001483883031050629 	 2 	 1.1435439502742317e-05 	 0.0014237122180914205
2	3	1	1000	1.0 	 2.3299425748183384e-06 	 0.00014832809920785274 	 2 	 1.1435439502806467e-06 	 0.00014237122180994072
2	3	1	10000	1.0 	 2.3301200104524651e-07 	 1.4832208149178672e-05 	 2 	 1.1435439503570582e-07 	 1.4237122181945394e-05
2	4	1	100	0.3333333333333333 	 0.019772479400557326 	 0.009500988251563933 	 2 	 0.0003457088796645486 	 0.04594191453373653
2	4	1	1000	1.0 	 3.642667850694679e-05 	 0.0006185158091207295 	 2 	 3.444822757786994e-05 	 0.004288804333444814
2	4	1	10000	1.0 	 3.3336980008808947e-06 	 6.208106526492024e-05 	 2 	 3.4448102189340343e-06 	 0.0004288788722572878
2	5	1	100	1.0 	 0.00012706925660994594 	 0.002576083493256135 	 2 	 1.0507466365857861e-05 	 0.0013081795625493053
2	5	1	1000	1.0 	 1.2709859266671477e-05 	 0.00025786706802924836 	 2 	 1.050746636586098e-06 	 0.0001308179562549694
2	5	1	10000	1.0 	 1.2710160326279546e-06 	 2.5789302423416056e-05 	 2 	 1.050746636582531e-07 	 1.308179562545253e-05
2	6	1	100	1.0 	 0.0003244095566960581 	 0.006524690424992867 	 2 	 1.8880732659797386e-05 	 0.002350651216144778
2	6	1	1000	1.0 	 3.242282225893173e-05 	 0.0006547626776151875 	 2 	 1.888073265980608e-06 	 0.00023506512161458604
2	6	1	10000	1.0 	 3.2421074555388518e-06 	 6.549930128626977e-05 	 2 	 1.888073265985067e-07 	 2.3506512161514115e-05
2	7	1	100	1.0 	 0.0003514147531314802 	 0.004388838555072114 	 2 	 2.2382337894411835e-06 	 0.00027866010678542774
2	7	1	1000	1.0 	 3.517330609408345e-05 	 0.00043787020633893106 	 2 	 2.2382337894378396e-07 	 2.786601067850114e-05
2	7	1	10000	1.0 	 3.5176492761370965e-06 	 4.3776935031179825e-05 	 2 	 2.2382337892282794e-08 	 2.7866010675892117e-06
2	8	1	100	1.0 	 5.44209799680497e-05 	 0.0005713502107502412 	 2 	 1.1846387253188542e-06 	 0.00014748752130219756
2	8	1	1000	1.0 	 5.443501407390249e-06 	 5.7145352220354685e-05 	 2 	 1.184638725312835e-07 	 1.4748752130144815e-05
2	8	1	10000	1.0 	 5.443641811843524e-07 	 5.714638597065722e-06 	 2 	 1.1846387252682476e-08 	 1.4748752129589704e-06
2	9	1	100	1.0 	 0.00015470527161735826 	 0.002298845337009045 	 2 	 4.734897568740646e-06 	 0.0005894947473082113
2	9	1	1000	1.0 	 1.54554121427735e-05 	 0.000229593170486798 	 2 	 4.734897568751124e-07 	 5.894947473095158e-05
2	9	1	10000	1.0 	 1.54539035030246e-06 	 2.295640939225909e-05 	 2 	 4.734897568648574e-08 	 5.894947472967482e-06
2	10	1	100	1.0 	 0.0001097838608258971 	 0.0017363339731421032 	 2 	 9.368778705068401e-06 	 0.0011664129487810176
2	10	1	1000	1.0 	 1.093820474752483e-05 	 0.00017363296510550737 	 2 	 9.368778705086793e-07 	 0.00011664129487833075
2	10	1	10000	1.0 	 1.093421022364965e-06 	 1.7363292187203814e-05 	 2 	 9.368778705275176e-08 	 1.166412948806761e-05
3	1	1	100	1.0 	 0.00037864512429428346 	 0.0034707532779187293 	 3 	 1.0632218757689192e-05 	 0.0013130790165746115
3	1	1	1000	1.0 	 3.777239620250564e-05 	 0.0003472087047989697 	 3 	 1.0632218757660537e-06 	 0.00013130790165710726
3	1	1	10000	1.0 	 3.776324936617249e-06 	 3.472220481405979e-05 	 3 	 1.0632218757424558e-07 	 1.3130790165419293e-05
3	2	1	100	1.0 	 0.0012867575762625604 	 0.03363256641426598 	 3 	 0.0002105801388826882 	 0.026006647152012063
3	2	1	1000	1.0 	 0.0001342367485790611 	 0.0035331428890665747 	 3 	 2.1058013888265674e-05 	 0.002600664715200818
3	2	1	10000	1.0 	 1.348487954447044e-05 	 0.0003551351251327019 	 3 	 2.1058013888232633e-06 	 0.0002600664715196738
3	3	1	100	1.0 	 0.00013273425524246862 	 0.0016540802423915346 	 3 	 1.6256906466025517e-05 	 0.0020077279485541527
3	3	1	1000	1.0 	 1.3362388696200579e-05 	 0.00016530187792042375 	 3 	 1.625690649069292e-06 	 0.0002007727951600577
3	3	1	10000	1.0 	 1.337161070673212e-06 	 1.6529127062995776e-05 	 3 	 1.625690673735964e-07 	 2.0077279820639168e-05
3	4	1	100	0.6666666666666666 	 0.0028261706929529292 	 0.0022721553923518547 	 2 	 0.00016435069370345195 	 0.020297310672376404
3	4	1	1000	0.6666666666666666 	 0.002777309355193447 	 0.002350212717977141 	 2 	 0.00016228385608785666 	 0.020042056226850388
3	4	1	10000	1.0 	 7.874827823572037e-06 	 5.362214875862692e-05 	 3 	 3.494471745414282e-06 	 0.0004315672605586657
3	5	1	100	1.0 	 0.00019528407176067853 	 0.0033139778909966446 	 3 	 1.7152405696518434e-05 	 0.0021183221035200317
3	5	1	1000	1.0 	 1.953453366197887e-05 	 0.0003321136168705802 	 3 	 1.715240569652113e-06 	 0.00021183221035203648
3	5	1	10000	1.0 	 1.953520035496494e-06 	 3.32185674685803e-05 	 3 	 1.7152405696426738e-07 	 2.1183221035087074e-05
3	6	1	100	1.0 	 0.00036911548910598785 	 0.012004360213433414 	 3 	 0.00022019825824831947 	 0.02719448489366752
3	6	1	1000	1.0 	 3.687051275805159e-05 	 0.001213283397373895 	 3 	 2.201982580011175e-05 	 0.002719448486313808
3	6	1	10000	1.0 	 3.6874618878361047e-06 	 0.00012146277210569463 	 3 	 2.2019825547639618e-06 	 0.00027194484551334996
3	7	1	100	1.0 	 0.0007034848406700666 	 0.0054940984312090045 	 3 	 2.7485665163258205e-05 	 0.00339447964766236
3	7	1	1000	1.0 	 7.152156910479154e-05 	 0.0005587473709843889 	 3 	 2.7485665163252246e-06 	 0.0003394479647661625
3	7	1	10000	1.0 	 7.1641381657776635e-06 	 5.597009814358471e-05 	 3 	 2.7485665163621946e-07 	 3.3944796477072825e-05
3	8	1	100	1.0 	 7.526684391444566e-05 	 0.002042002030390425 	 3 	 1.85101388383196e-05 	 0.002286002146532462
3	8	1	1000	1.0 	 7.534745549635626e-06 	 0.0002043063718994808 	 3 	 1.8510138838329938e-06 	 0.00022860021465337388
3	8	1	10000	1.0 	 7.535574840486366e-07 	 2.0431722076382127e-05 	 3 	 1.8510138838311958e-07 	 2.2860021465315183e-05
3	9	1	100	1.0 	 0.0004065584311140668 	 0.003927753864516725 	 3 	 1.2824097870836026e-05 	 0.0015837760870482387
3	9	1	1000	1.0 	 4.079206575139998e-05 	 0.000394243805066772 	 3 	 1.282409787083153e-06 	 0.00015837760870476836
3	9	1	10000	1.0 	 4.080581113802516e-06 	 3.943917882089359e-05 	 3 	 1.2824097871027055e-07 	 1.583776087071831e-05
3	10	1	100	0.5 	 0.0005842890731475494 	 0.00518353993729099 	 3 	 2.3658655597225487e-05 	 0.11409490531610401
3	10	1	1000	1.0 	 3.475226378998502e-05 	 0.00046437862910188153 	 3 	 2.4731616613652157e-06 	 0.00030543546517860376
3	10	1	10000	1.0 	 3.4737312382558005e-06 	 4.644598665569016e-05 	 3 	 2.4731616613769583e-07 	 3.054354651800539e-05
5	1	1	100	1.0 	 0.001094453272086236 	 0.017250290042491158 	 5 	 0.00011882518968166973 	 0.01443726054632291
5	1	1	1000	1.0 	 0.0001097073155945948 	 0.0017534592994133606 	 5 	 1.188251896813488e-05 	 0.0014437260546283916
5	1	1	10000	1.0 	 1.09753306890129e-05 	 0.00017564428486861427 	 5 	 1.1882518967829114e-06 	 0.00014437260545912406
5	2	1	100	0.5 	 0.0045037794984199905 	 0.050749180520031884 	 4 	 0.0012559496884294633 	 0.34590401727969616
5	2	1	1000	1.0 	 0.0002696840570400333 	 0.0039060923337285907 	 5 	 3.6352378563513064e-05 	 0.0044168139954668395
5	2	1	10000	1.0 	 2.7134195061641086e-05 	 0.0003933424347417955 	 5 	 3.6352370158773767e-06 	 0.0004416812974291015
5	3	1	100	0.6666666666666666 	 0.0022181861260069115 	 0.005900250752004479 	 5 	 3.020672650192445e-05 	 0.06347754446790718
5	3	1	1000	1.0 	 0.00019547963620114494 	 0.0005473739268393929 	 5 	 2.886940593462775e-06 	 0.00035076328210572813
5	3	1	10000	1.0 	 1.9567705676575386e-05 	 5.4751543695718944e-05 	 5 	 2.886940573130017e-07 	 3.507632796352981e-05
5	4	1	100	0.5 	 0.003991695425271453 	 0.006636945600344415 	 4 	 0.00011049327862607871 	 0.028621641748631042
5	4	1	1000	0.8 	 0.002897774704061518 	 0.002164370661370454 	 4 	 0.00010932868602135152 	 0.013283435351594097
5	4	1	10000	1.0 	 2.399457138069713e-05 	 0.0001083726121214248 	 5 	 3.542025597105135e-06 	 0.00043035611004827064
5	5	1	100	1.0 	 0.0008044276662538594 	 0.008413709139164827 	 5 	 4.289216925684609e-05 	 0.005211398564706787
5	5	1	1000	1.0 	 8.001275045936608e-05 	 0.0008443096224267078 	 5 	 4.2892169256849285e-06 	 0.0005211398564707176
5	5	1	10000	1.0 	 7.997081620554064e-06 	 8.446057298815372e-05 	 5 	 4.2892169256848145e-07 	 5.211398564707037e-05
5	6	1	100	1.0 	 0.0004949121836673114 	 0.008633964514469598 	 5 	 0.00015307745404475546 	 0.01859891066643768
5	6	1	1000	1.0 	 4.883990232603696e-05 	 0.0008662480333481186 	 5 	 1.530774538532438e-05 	 0.0018598910643169014
5	6	1	10000	1.0 	 4.878268649732086e-06 	 8.665475529482687e-05 	 5 	 1.530774519155711e-06 	 0.0001859891040774178
5	7	1	100	0.6666666666666666 	 0.004912578412982744 	 0.00961113495630826 	 5 	 4.292010662378993e-05 	 0.019631282824714588
5	7	1	1000	1.0 	 0.00015360656107179098 	 0.0008144975137317264 	 5 	 4.392281689462002e-06 	 0.0005336622252696335
5	7	1	10000	1.0 	 1.5522551285789227e-05 	 8.159322201918265e-05 	 5 	 4.3922816894639724e-07 	 5.336622252698729e-05
5	8	1	100	1.0 	 0.002271227263673905 	 0.013355168708650575 	 5 	 0.00010379954969400005 	 0.012611645287821036
5	8	1	1000	1.0 	 0.00026030576212577466 	 0.0014612313207249782 	 5 	 1.0379954969401947e-05 	 0.0012611645287823395
5	8	1	10000	1.0 	 2.6421544290697413e-05 	 0.00014760475657141543 	 5 	 1.0379954969407942e-06 	 0.0001261164528783068
5	9	1	100	1.0 	 0.002115644220145216 	 0.012375049467635645 	 5 	 8.003056791318835e-05 	 0.009723714001452423
5	9	1	1000	1.0 	 0.00021321264405919392 	 0.001276151233645819 	 5 	 8.003056791324723e-06 	 0.0009723714001459577
5	9	1	10000	1.0 	 2.1342830826675846e-05 	 0.00012802645488158314 	 5 	 8.003056791363672e-07 	 9.7237140015069e-05
5	10	1	100	0.8 	 0.001199511985121507 	 0.008393407495816485 	 4 	 0.0005472240488444693 	 0.06648772193460332
5	10	1	1000	1.0 	 7.039391920171397e-05 	 0.0007048915863993952 	 5 	 3.0473571084139523e-05 	 0.0037025388867229676
5	10	1	10000	1.0 	 7.035032016738404e-06 	 7.079945025913325e-05 	 5 	 3.047127040614547e-06 	 0.00037022593543466914
7	1	1	100	1.0 	 0.0017166435863191516 	 0.016215551994217568 	 7 	 0.00013045106580897891 	 0.015588902364172926
7	1	1	1000	1.0 	 0.0001720672018695336 	 0.0016576414635470207 	 7 	 1.3045106582966965e-05 	 0.0015588902366645459
7	1	1	10000	1.0 	 1.721587275820506e-05 	 0.0001661506884975857 	 7 	 1.3045106603664814e-06 	 0.0001558890239137939
7	2	1	100	0.625 	 0.005581907776784677 	 0.041797856750205246 	 6 	 0.0007748468250696532 	 0.23081884577749223
7	2	1	1000	1.0 	 0.00040763957486894753 	 0.0038509693722360953 	 7 	 3.21116191821838e-05 	 0.004408904173761115
7	2	1	10000	1.0 	 4.0974329213167745e-05 	 0.0003877450008259375 	 7 	 3.6894588704268886e-06 	 0.00044089033501601427
7	3	1	100	0.75 	 0.015007033334221334 	 0.0830584005672949 	 7 	 0.0008867069661388522 	 0.27115536242803523
7	3	1	1000	1.0 	 0.000248734546448698 	 0.0019746170708575257 	 7 	 1.2054920118281363e-05 	 0.0014405629541346214
7	3	1	10000	1.0 	 2.4845687590333086e-05 	 0.00019766828473293053 	 7 	 1.2054920037848464e-06 	 0.00014405629445228899
7	4	1	100	0.625 	 0.004694366492152728 	 0.009108744859505958 	 6 	 0.00010210933652638798 	 0.023580753191266877
7	4	1	1000	0.8571428571428571 	 0.0029672142547582177 	 0.0019927148132129775 	 6 	 8.50338522538342e-05 	 0.010161545344333162
7	4	1	10000	1.0 	 3.3718811440813e-05 	 0.00013532635352396478 	 7 	 3.777934805516236e-06 	 0.000451463209259189
7	5	1	100	0.8571428571428571 	 0.004629316184461025 	 0.02852508961605864 	 6 	 0.0009295396653735606 	 0.11462609242666236
7	5	1	1000	1.0 	 0.00017593958820175074 	 0.0014225360944325645 	 7 	 1.6565709317725322e-05 	 0.0019796022634681817
7	5	1	10000	1.0 	 1.7543485541971017e-05 	 0.00014244819087597 	 7 	 1.6565711838090864e-06 	 0.0001979602564651864
7	6	1	100	0.8571428571428571 	 0.004256639557498393 	 0.025383847139594677 	 6 	 0.0010036576524859594 	 0.1218845280304933
7	6	1	1000	1.0 	 0.00010755595832738043 	 0.0012647257031966294 	 7 	 2.77458914013703e-05 	 0.0033156340224637718
7	6	1	10000	1.0 	 1.0719861062553804e-05 	 0.0001267232848131034 	 7 	 2.774589130410251e-06 	 0.0003315634010840271
7	7	1	100	0.4444444444444444 	 0.008997968186697637 	 0.013966279992613828 	 6 	 0.0001361066152603229 	 0.11957350691831709
7	7	1	1000	1.0 	 0.00023408259407918232 	 0.0009409402711508837 	 7 	 5.662468463178527e-06 	 0.0006766649813498334
7	7	1	10000	1.0 	 2.3721144298991262e-05 	 9.429428476323955e-05 	 7 	 5.662467725947658e-07 	 6.766648932507446e-05
7	8	1	100	0.625 	 0.012849025711384226 	 0.04785498627492236 	 6 	 0.0006634074443107967 	 0.317751666523307
7	8	1	1000	1.0 	 0.0003670721152119369 	 0.001943892405505726 	 7 	 1.7071040313018904e-05 	 0.00203998931740575
7	8	1	10000	1.0 	 3.719835642271238e-05 	 0.00019574699675989286 	 7 	 1.7071040312007015e-06 	 0.00020399893172848294
7	9	1	100	1.0 	 0.004396008515505696 	 0.02086339600918729 	 7 	 0.00015395034343363665 	 0.018397066040319546
7	9	1	1000	1.0 	 0.0004299797085530534 	 0.002157552731443504 	 7 	 1.539503434339071e-05 	 0.0018397066040351864
7	9	1	10000	1.0 	 4.2941755963602204e-05 	 0.00021653279527227899 	 7 	 1.5395034343744625e-06 	 0.0001839706604077479
7	10	1	100	0.8571428571428571 	 0.0016132687744838427 	 0.009668533820455814 	 6 	 0.0004607545403592017 	 0.06381914237913003
7	10	1	1000	1.0 	 0.00015785518221165574 	 0.0010189082775911033 	 7 	 4.620820328770403e-05 	 0.005535472335213375
7	10	1	10000	1.0 	 1.5749556220258204e-05 	 0.00010259989542495038 	 7 	 4.631971484857563e-06 	 0.0005535205924404768
10	1	1	100	0.7272727272727273 	 0.007661156747571358 	 0.03783322147490596 	 9 	 0.0011293046350654042 	 0.2975605904161209
10	1	1	1000	1.0 	 0.0004258621685370732 	 0.0023151286498455438 	 10 	 2.098990683744416e-05 	 0.0024453241465622368
10	1	1	10000	1.0 	 4.257293488753493e-05 	 0.0002321932075899359 	 10 	 2.0989904857789135e-06 	 0.00024453239159324264
10	2	1	100	0.5454545454545454 	 0.01803845281735229 	 0.03426506455894013 	 7 	 0.0011657932903833658 	 0.23382388143552443
10	2	1	1000	1.0 	 0.005197824439091524 	 0.005872340476098057 	 10 	 7.0354608814899e-05 	 0.008196311926935766
10	2	1	10000	1.0 	 0.0007763878149862702 	 0.0007150846897312329 	 10 	 7.035458716622636e-06 	 0.0008196309404865403
10	3	1	100	0.4166666666666667 	 0.02766096960715778 	 0.1049320698909917 	 7 	 0.0021891174517518273 	 0.5472109837560759
10	3	1	1000	0.8181818181818182 	 0.0015534850521870729 	 0.019135467660023428 	 10 	 0.00027030310373434317 	 0.16002646153910724
10	3	1	10000	0.8181818181818182 	 0.0009873517254757266 	 0.01262776746613222 	 10 	 0.0001257279310405464 	 0.14590316345493815
10	4	1	100	0.45454545454545453 	 0.009022178014541471 	 0.028051315118726983 	 6 	 0.002833257194206388 	 0.3821672309544516
10	4	1	1000	0.6363636363636364 	 0.003447874060874836 	 0.004997674973168855 	 8 	 0.0002030066844975378 	 0.3101019840675842
10	4	1	10000	0.8181818181818182 	 0.00022223939008067108 	 0.003225920493274938 	 10 	 0.00043468454701774096 	 0.23687307879145866
10	5	1	100	0.5454545454545454 	 0.010549775917105661 	 0.04124406208457631 	 7 	 0.001421176043058969 	 0.287622281620113
10	5	1	1000	0.9 	 0.0013407870368356868 	 0.004851361793475612 	 9 	 0.0001567790090826622 	 0.018264754558130238
10	5	1	10000	1.0 	 7.456965837314461e-05 	 0.0002522559620233631 	 10 	 3.0446843766428e-06 	 0.000354705729878885
10	6	1	100	0.5454545454545454 	 0.00875095431494793 	 0.02740269609602043 	 7 	 0.001732637042796894 	 0.3699305039863684
10	6	1	1000	1.0 	 0.00033588245440544266 	 0.0017660331704883415 	 10 	 4.476657360574305e-05 	 0.005215305825069072
10	6	1	10000	1.0 	 3.360407848026561e-05 	 0.000177576976253754 	 10 	 4.476714734308163e-06 	 0.0005215372665469017
10	7	1	100	0.4166666666666667 	 0.02666787218970316 	 0.02563152140860052 	 7 	 0.0012288130257148335 	 0.24688649488332678
10	7	1	1000	0.6363636363636364 	 0.025416254418390936 	 0.007070644206591667 	 8 	 0.000108433551885485 	 0.023296698547877866
10	7	1	10000	0.6363636363636364 	 0.025574878145213895 	 0.00644656483759063 	 8 	 0.00011152145814072356 	 0.02325568981729687
10	8	1	100	0.38461538461538464 	 0.014284267246647876 	 0.04528067256248939 	 8 	 0.0010504934410257185 	 0.4898665748593417
10	8	1	1000	1.0 	 0.0007184138704213648 	 0.002529126070174436 	 10 	 3.1654668226261385e-05 	 0.0036877688483594497
10	8	1	10000	1.0 	 7.303720104455579e-05 	 0.0002551345453359262 	 10 	 3.165459026557421e-06 	 0.0003687759765939394
10	9	1	100	0.7272727272727273 	 0.01183493698115667 	 0.039244177011427135 	 9 	 0.00044367477900151853 	 0.13471795472450412
10	9	1	1000	1.0 	 0.0005856128464675162 	 0.002759155545139171 	 10 	 3.052941673044925e-05 	 0.003556677049097335
10	9	1	10000	1.0 	 5.867609869877002e-05 	 0.00027737364968643716 	 10 	 3.0529416726660707e-06 	 0.00035566770486559693
10	10	1	100	0.6 	 0.02435629825564178 	 0.06000333498356195 	 6 	 0.0016478916378571918 	 0.20148112587111025
10	10	1	1000	0.9 	 0.001822961413864295 	 0.006852621873143842 	 9 	 0.0003716037079884736 	 0.04478919039115793
10	10	1	10000	1.0 	 0.00010738571578440499 	 0.00047048169093855325 	 10 	 9.631932705916329e-06 	 0.0011221201602392512
2	1	2	100	1.0 	 7.819264712314801e-05 	 0.002066345501364042 	 2 	 8.932398065397104e-06 	 0.001112083559141941
2	1	2	1000	1.0 	 7.83106576723848e-06 	 0.00020684631424405073 	 2 	 8.932398065398886e-07 	 0.0001112083559142163
2	1	2	10000	1.0 	 7.832248090495005e-07 	 2.0686753867984224e-05 	 2 	 8.932398065452392e-08 	 1.1120835591488245e-05
2	2	2	100	1.0 	 0.0020232631147094815 	 0.01945586227443105 	 2 	 4.8156071983190456e-05 	 0.00599543096190722
2	2	2	1000	1.0 	 0.00022142117830715834 	 0.0021179818701139827 	 2 	 4.815607198341849e-06 	 0.000599543096193561
2	2	2	10000	1.0 	 2.2353247508874345e-05 	 0.00021370482699600542 	 2 	 4.815607198590368e-07 	 5.995430962245016e-05
2	3	2	100	1.0 	 0.0001138839020311173 	 0.0025162612915887255 	 2 	 1.1704430953458912e-05 	 0.0014572016537056365
2	3	2	1000	1.0 	 1.1391710570690114e-05 	 0.0002519493099346392 	 2 	 1.1704430953548308e-06 	 0.00014572016537167665
2	3	2	10000	1.0 	 1.1392051607473896e-06 	 2.5198167371077065e-05 	 2 	 1.1704430954493558e-07 	 1.4572016538344503e-05
2	4	2	100	1.0 	 6.1960557557387e-05 	 0.003211432584640872 	 2 	 5.227467881683318e-05 	 0.00650819751269574
2	4	2	1000	1.0 	 6.252824204390813e-06 	 0.0003231910706793811 	 2 	 5.227449401403963e-06 	 0.0006508174504747943
2	4	2	10000	1.0 	 6.258518739651239e-07 	 3.233966867240489e-05 	 2 	 5.227264273641669e-07 	 6.507944020683887e-05
2	5	2	100	1.0 	 0.0001377257746281976 	 0.002375708694475043 	 2 	 2.0404731664715593e-05 	 0.002540389092257095
2	5	2	1000	1.0 	 1.3623356388975561e-05 	 0.00023783479265567745 	 2 	 2.0404731664710914e-06 	 0.0002540389092256512
2	5	2	10000	1.0 	 1.3608620917367988e-06 	 2.378612248008406e-05 	 2 	 2.040473166478894e-07 	 2.5403890922662264e-05
2	6	2	100	1.0 	 0.00029200595716568804 	 0.006534068583626573 	 2 	 2.120187455239269e-05 	 0.0026396333817728934
2	6	2	1000	1.0 	 2.9369627586978045e-05 	 0.0006576639616743359 	 2 	 2.1201874552400046e-06 	 0.00026396333817738094
2	6	2	10000	1.0 	 2.9386724827081092e-06 	 6.580936519159164e-05 	 2 	 2.120187455242011e-07 	 2.6396333817763074e-05
2	7	2	100	1.0 	 0.00025313730145666493 	 0.006582539749012912 	 2 	 1.2144139864544927e-07 	 1.5119454131358456e-05
2	7	2	1000	1.0 	 2.5316438248456886e-05 	 0.0006621730515899894 	 2 	 1.2144139860448473e-08 	 1.511945412625837e-06
2	7	2	10000	1.0 	 2.5316709106114205e-06 	 6.625675274396469e-05 	 2 	 1.2144139864851466e-09 	 1.5119454131740095e-07
2	8	2	100	1.0 	 0.00014380707131709768 	 0.004645617256608882 	 2 	 3.173817047542783e-05 	 0.00395140222419077
2	8	2	1000	1.0 	 1.4293874329352957e-05 	 0.0004653576439823108 	 2 	 3.173817047543407e-06 	 0.0003951402224191547
2	8	2	10000	1.0 	 1.4285264311012147e-06 	 4.6543738583828535e-05 	 2 	 3.173817047550541e-07 	 3.951402224200429e-05
2	9	2	100	1.0 	 0.0006707201289743458 	 0.002415889854993467 	 2 	 1.2526473168160288e-05 	 0.0015595459094359578
2	9	2	1000	1.0 	 6.266877670104538e-05 	 0.00024162106203532257 	 2 	 1.252647316814567e-06 	 0.00015595459094341384
2	9	2	10000	1.0 	 6.22620916000525e-06 	 2.4162431190105387e-05 	 2 	 1.252647316822746e-07 	 1.559545909444321e-05
2	10	2	100	0.3333333333333333 	 0.001945622105189127 	 0.0033820824111888874 	 2 	 2.0411180048692425e-05 	 0.026199554879935406
2	10	2	1000	1.0 	 5.625037369789783e-05 	 0.0002603437838101573 	 2 	 1.89199571487526e-06 	 0.0002355534665019702
2	10	2	10000	1.0 	 5.581159771897322e-06 	 2.60348351292549e-05 	 2 	 1.891995714883829e-07 	 2.3555346650303705e-05
3	1	2	100	1.0 	 0.00047207389557712097 	 0.0036166244710326228 	 3 	 6.574026158272703e-06 	 0.0008118922305466736
3	1	2	1000	1.0 	 4.735659516718661e-05 	 0.0003622811528428138 	 3 	 6.574026158282818e-07 	 8.118922305479226e-05
3	1	2	10000	1.0 	 4.737159036746234e-06 	 3.6234357125393174e-05 	 3 	 6.574026158465982e-08 	 8.118922305705436e-06
3	2	2	100	1.0 	 0.0029981748096657036 	 0.006655538882575997 	 3 	 3.916753276169876e-05 	 0.004837190296069818
3	2	2	1000	1.0 	 0.00033611321814395854 	 0.0007305559350911818 	 3 	 3.916753276153868e-06 	 0.0004837190296050047
3	2	2	10000	1.0 	 3.402455560325762e-05 	 7.379535567943655e-05 	 3 	 3.9167532760407527e-07 	 4.83719029591035e-05
3	3	2	100	1.0 	 0.00024150585929859597 	 0.0043573305856275816 	 3 	 3.525232294686979e-05 	 0.004353661883938403
3	3	2	1000	1.0 	 2.409821015580976e-05 	 0.00043662943125452494 	 3 	 3.525232300918117e-06 	 0.0004353661891633859
3	3	2	10000	1.0 	 2.4093199390315943e-06 	 4.3671927450610494e-05 	 3 	 3.525232363263095e-07 	 4.353661968629907e-05
3	4	2	100	1.0 	 5.0232801474119544e-05 	 0.002058423982715805 	 3 	 0.00012055093740490182 	 0.014888040769505437
3	4	2	1000	1.0 	 4.8804444576076095e-06 	 0.00020877002647945263 	 3 	 1.2055105100161896e-05 	 0.0014888054798700002
3	4	2	10000	1.0 	 4.866747181720432e-07 	 2.090835979707289e-05 	 3 	 1.2055218239068036e-06 	 0.00014888194525249088
3	5	2	100	1.0 	 0.0002447375700783711 	 0.001960603418484962 	 3 	 1.2598074932582991e-05 	 0.0015558622541740064
3	5	2	1000	1.0 	 2.4389424221725443e-05 	 0.00019642680854112626 	 3 	 1.2598074932586815e-06 	 0.0001555862254174478
3	5	2	10000	1.0 	 2.438114324212441e-06 	 1.964636955247805e-05 	 3 	 1.2598074932604793e-07 	 1.5558622541766987e-05
3	6	2	100	1.0 	 0.0010162380267014436 	 0.0240032941050789 	 3 	 0.0003304138270956644 	 0.04080610764631474
3	6	2	1000	1.0 	 0.00010393332094565884 	 0.0025138457251545846 	 3 	 3.304138268478314e-05 	 0.0040806107615707354
3	6	2	10000	1.0 	 1.0420823185587948e-05 	 0.0002526163586350064 	 3 	 3.3041382431994574e-06 	 0.0004080610730351347
3	7	2	100	1.0 	 0.0003001621692190123 	 0.005190132916340223 	 3 	 4.40418951839247e-05 	 0.00543917405521465
3	7	2	1000	1.0 	 2.7914396366079814e-05 	 0.0005188432529922644 	 3 	 4.404189518381037e-06 	 0.000543917405520053
3	7	2	10000	1.0 	 2.772370633148675e-06 	 5.1882760947744854e-05 	 3 	 4.4041895183218174e-07 	 5.439174055127394e-05
3	8	2	100	1.0 	 0.00011535655059462188 	 0.003106824464799046 	 3 	 2.1561171330489413e-05 	 0.002662804659315454
3	8	2	1000	1.0 	 1.1478841303874726e-05 	 0.00031137593267428575 	 3 	 2.1561171330501102e-06 	 0.00026628046593168975
3	8	2	10000	1.0 	 1.1473207707354757e-06 	 3.1144545160884574e-05 	 3 	 2.156117133046065e-07 	 2.6628046593119015e-05
3	9	2	100	0.6666666666666666 	 0.00893439919795695 	 0.008898003733433815 	 2 	 8.333274747379587e-05 	 0.010291594313013758
3	9	2	1000	1.0 	 0.0004219777315655349 	 0.0002847999770629213 	 3 	 1.1657875484247553e-06 	 0.00014397476223045654
3	9	2	10000	1.0 	 4.183545614742701e-05 	 2.8479654889125462e-05 	 3 	 1.1657875484154778e-07 	 1.4397476222931076e-05
3	10	2	100	0.5 	 0.004661614902357102 	 0.004423852924396951 	 3 	 1.7678342861778827e-05 	 0.016738684059052475
3	10	2	1000	1.0 	 0.00011565866511624357 	 0.0003601021386734461 	 3 	 1.952946845615029e-06 	 0.00024118893543345708
3	10	2	10000	1.0 	 1.1496287051160812e-05 	 3.601581035201057e-05 	 3 	 1.952946845620261e-07 	 2.4118893543410326e-05
5	1	2	100	1.0 	 0.00033468187556482103 	 0.00680366259140691 	 5 	 5.2232683479024974e-05 	 0.006346271042701562
5	1	2	1000	1.0 	 3.3578887807846895e-05 	 0.0006874442927420832 	 5 	 5.223268347906189e-06 	 0.0006346271042706048
5	1	2	10000	1.0 	 3.3592069941594973e-06 	 6.881660434569828e-05 	 5 	 5.223268347959359e-07 	 6.346271042770649e-05
5	2	2	100	1.0 	 0.0025966153238634994 	 0.005705685827874252 	 5 	 8.60156505574879e-05 	 0.010811057359930085
5	2	2	1000	1.0 	 0.0002977233447303473 	 0.0006008579220554195 	 5 	 8.583549722197351e-06 	 0.0010811054198883675
5	2	2	10000	1.0 	 3.0224049587347162e-05 	 6.0443481829980087e-05 	 5 	 8.897961000850315e-07 	 0.00010811022616033072
5	3	2	100	1.0 	 0.00045883779986430497 	 0.0053344389541131465 	 5 	 6.376957861446695e-05 	 0.0077480038016577366
5	3	2	1000	1.0 	 4.6383515246546796e-05 	 0.0005381682790643621 	 5 	 6.3769578679494314e-06 	 0.0007748003809558562
5	3	2	10000	1.0 	 4.6438440882291285e-06 	 5.386625852286954e-05 	 5 	 6.376957932959843e-07 	 7.748003888546212e-05
5	4	2	100	0.6666666666666666 	 0.000280335314827246 	 0.007227595911439204 	 5 	 0.00024438459864929897 	 0.1416433459024629
5	4	2	1000	1.0 	 2.7603108151849885e-05 	 0.00029178244052932616 	 5 	 1.4712694346972588e-06 	 0.00017875923631571758
5	4	2	10000	1.0 	 2.7609545472130545e-06 	 2.9178542192842687e-05 	 5 	 1.471195992700833e-07 	 1.787503131131518e-05
5	5	2	100	1.0 	 0.0007558884618567596 	 0.005213663859517789 	 5 	 2.9559654899269833e-05 	 0.0035914980702612745
5	5	2	1000	1.0 	 9.24855421541224e-05 	 0.0005613279317394674 	 5 	 3.000764508693644e-06 	 0.0003645928878062768
5	5	2	10000	1.0 	 9.250942971188773e-06 	 5.6170601980246046e-05 	 5 	 3.0007645087147176e-07 	 3.6459288780883725e-05
5	6	2	100	0.6666666666666666 	 0.0011610286904182256 	 0.017398330222093708 	 5 	 0.0002404729439824478 	 0.04631044493450409
5	6	2	1000	1.0 	 0.00011280806433809337 	 0.0017995087562164664 	 5 	 2.4012577081135265e-05 	 0.0029175281153579462
5	6	2	10000	1.0 	 1.126609515175796e-05 	 0.00018060213834161624 	 5 	 2.4012576877305673e-06 	 0.00029175280905926505
5	7	2	100	1.0 	 0.0005781783677885226 	 0.004811664669607759 	 5 	 4.273493169748388e-05 	 0.005192294201244304
5	7	2	1000	1.0 	 5.401629504713943e-05 	 0.0004819878890423941 	 5 	 4.273493169748182e-06 	 0.0005192294201244053
5	7	2	10000	1.0 	 5.369992185997233e-06 	 4.82071329758358e-05 	 5 	 4.273493169711131e-07 	 5.192294201199037e-05
5	8	2	100	1.0 	 0.0005388270697600375 	 0.005952642865474921 	 5 	 4.436012672490353e-05 	 0.005389755397075792
5	8	2	1000	1.0 	 5.463943986988028e-05 	 0.0006023622601114971 	 5 	 4.4360126724900846e-06 	 0.0005389755397075466
5	8	2	10000	1.0 	 5.471818432560105e-06 	 6.030926899391757e-05 	 5 	 4.4360126725021355e-07 	 5.389755397090107e-05
5	9	2	100	0.8 	 0.009382517893753188 	 0.008728211693268678 	 4 	 8.251264457162139e-05 	 0.010334466845779253
5	9	2	1000	1.0 	 0.0007390234805356526 	 0.0006349369956343866 	 5 	 5.341749325025521e-06 	 0.000649022542990597
5	9	2	10000	1.0 	 7.528630519833664e-05 	 6.405967763179992e-05 	 5 	 5.341749325072273e-07 	 6.490225429962772e-05
5	10	2	100	0.8 	 0.0006374019822403912 	 0.0015416853789219454 	 4 	 6.389671161907152e-05 	 0.007763450461717224
5	10	2	1000	0.8 	 0.0005288907622077423 	 0.0006653065528417915 	 4 	 6.38967116190715e-05 	 0.007763450461717224
5	10	2	10000	1.0 	 1.8022374504804827e-05 	 3.11302621866596e-05 	 5 	 2.0468206698518716e-06 	 0.00024868871138700356
7	1	2	100	1.0 	 0.0009282608959832253 	 0.007359625672410662 	 7 	 6.474221995133392e-05 	 0.007736695284184395
7	1	2	1000	1.0 	 9.438376519521854e-05 	 0.0007441998144683087 	 7 	 6.474221996391126e-06 	 0.0007736695285687385
7	1	2	10000	1.0 	 9.454601305550209e-06 	 7.450523589959712e-05 	 7 	 6.47422200888999e-07 	 7.736695300623528e-05
7	2	2	100	0.75 	 0.0032542752052688376 	 0.006778741525852685 	 7 	 5.058865601968885e-05 	 0.015365428232891764
7	2	2	1000	1.0 	 0.001436427608735491 	 0.0014317165883626574 	 7 	 1.1839922316931985e-05 	 0.00141487071687337
7	2	2	10000	1.0 	 0.00013385833264626353 	 0.0001432451659741838 	 7 	 1.1839945871413412e-06 	 0.00014148735316339006
7	3	2	100	1.0 	 0.0011293394249910188 	 0.007209985278353128 	 7 	 8.025226031166398e-05 	 0.009590145107243882
7	3	2	1000	1.0 	 0.00011552159202460471 	 0.0007375065804058365 	 7 	 8.025226042318039e-06 	 0.000959014512057009
7	3	2	10000	1.0 	 1.1583077467407506e-05 	 7.393069631734515e-05 	 7 	 8.025226153722357e-07 	 9.590145253698251e-05
7	4	2	100	1.0 	 0.000396434099701527 	 0.003792914961027162 	 7 	 3.5584742566059305e-05 	 0.00472836318708569
7	4	2	1000	1.0 	 3.9829490614822065e-05 	 0.0003796395140421791 	 7 	 3.956783534657708e-06 	 0.00047283563239159873
7	4	2	10000	1.0 	 3.984836840651048e-06 	 3.79674309965302e-05 	 7 	 3.9567263409935905e-07 	 4.728287977487365e-05
7	5	2	100	0.8571428571428571 	 0.0037336097320893667 	 0.012040696754111558 	 6 	 0.00043479718068888427 	 0.05304585774913498
7	5	2	1000	1.0 	 0.00012329177125883393 	 0.0007075593251926842 	 7 	 1.0534659330490127e-05 	 0.0012588917899935548
7	5	2	10000	1.0 	 1.2423290692856389e-05 	 7.107800541627225e-05 	 7 	 1.0534680849804409e-06 	 0.00012588943615516116
7	6	2	100	1.0 	 0.0015433346932796973 	 0.014495690741987404 	 7 	 5.930486932142857e-05 	 0.024224864892652565
7	6	2	1000	1.0 	 0.00015382464352232765 	 0.0014740518666951968 	 7 	 2.027185347132875e-05 	 0.002422486489823783
7	6	2	10000	1.0 	 1.5380405290102272e-05 	 0.0001476684667601609 	 7 	 2.0271853515709474e-06 	 0.00024224864951272792
7	7	2	100	0.625 	 0.005990877229512135 	 0.018759492828211616 	 6 	 0.0010715846189697422 	 0.2637884389902019
7	7	2	1000	1.0 	 0.00019412377912428878 	 0.0006494236792997266 	 7 	 4.650277252529933e-06 	 0.0005557081316773256
7	7	2	10000	1.0 	 1.9203434797168558e-05 	 6.501787857572985e-05 	 7 	 4.650277033100463e-07 	 5.55708105455504e-05
7	8	2	100	0.8571428571428571 	 0.01567431254922988 	 0.0042123500959782055 	 6 	 3.381591103893051e-05 	 0.00404100136915217
7	8	2	1000	0.8571428571428571 	 0.01527646647322265 	 0.0033327290164891885 	 6 	 3.973972125898671e-05 	 0.0051029908009359625
7	8	2	10000	0.8571428571428571 	 0.015294525842378096 	 0.003510595888567576 	 6 	 4.1133916674759476e-05 	 0.005312195788630789
7	9	2	100	0.625 	 0.012447953890835348 	 0.01627144470862774 	 6 	 0.00013737146479475936 	 0.09039241395141237
7	9	2	1000	1.0 	 0.0020909946696305803 	 0.0016000886371754473 	 7 	 1.2817547446319352e-05 	 0.001531696919835155
7	9	2	10000	1.0 	 0.0002498477392125975 	 0.00017061433314406935 	 7 	 1.2817547446929372e-06 	 0.00015316969199080527
7	10	2	100	0.8571428571428571 	 0.0027033470682465044 	 0.010742740520739234 	 6 	 0.00011384471814432667 	 0.016922256010793578
7	10	2	1000	0.8571428571428571 	 0.0007622098152765516 	 0.0015756766495944941 	 6 	 6.468369562200457e-05 	 0.007729701626829448
7	10	2	10000	1.0 	 4.757196453818587e-05 	 0.00013600782507485729 	 7 	 3.742114258077852e-06 	 0.0004471826538402986
10	1	2	100	0.7272727272727273 	 0.015026983706649698 	 0.024546424670204334 	 9 	 0.0004541884873998797 	 0.09091301601796214
10	1	2	1000	1.0 	 0.000655394876137077 	 0.0011370325247119862 	 10 	 1.864449920153451e-05 	 0.002172084156978774
10	1	2	10000	1.0 	 6.596380871463052e-05 	 0.00011427521278085408 	 10 	 1.8644502071870632e-06 	 0.0002172084491372933
10	2	2	100	0.7272727272727273 	 0.023315577942001085 	 0.036537079945361234 	 9 	 0.0003784489320669213 	 0.1575854756831368
10	2	2	1000	1.0 	 0.0022030172152157986 	 0.0028186926009913147 	 10 	 3.591160926449764e-05 	 0.00418370247931397
10	2	2	10000	1.0 	 0.0002425708916122536 	 0.00029323732520406307 	 10 	 3.5911659934577745e-06 	 0.0004183708382378302
10	3	2	100	0.9 	 0.0033010284840884366 	 0.010020053588346907 	 9 	 0.00014991569878714458 	 0.01746517890870236
10	3	2	1000	0.9 	 0.0011819879028195858 	 0.004353462831976754 	 9 	 9.729739163060035e-05 	 0.01133514612496498
10	3	2	10000	0.8181818181818182 	 0.00037127625694774853 	 0.0012407978386827234 	 10 	 2.5312889488099872e-05 	 0.01134513574459327
10	4	2	100	0.7 	 0.0036108547060592975 	 0.010715329751711841 	 7 	 0.0012413101584639948 	 0.14559606887899829
10	4	2	1000	0.9 	 4.5087021361815966e-05 	 0.0005776399998241676 	 9 	 3.8609249234939445e-05 	 0.0044979775358704325
10	4	2	10000	0.9 	 4.7974779228418936e-06 	 9.476006757744754e-05 	 9 	 1.1935543536263444e-05 	 0.0013904908219746952
10	5	2	100	0.7272727272727273 	 0.008980311700314547 	 0.029862940478052255 	 9 	 0.0011392546570899425 	 0.17238281411809334
10	5	2	1000	1.0 	 0.00034496163725282334 	 0.0018142873808989466 	 10 	 3.871295601746677e-05 	 0.00451005937603489
10	5	2	10000	1.0 	 3.4785879663134225e-05 	 0.00018367039274775563 	 10 	 3.870496287325007e-06 	 0.00045091281747336443
10	6	2	100	0.6363636363636364 	 0.004920702369858869 	 0.01527284664107401 	 8 	 0.0007150947035223329 	 0.1930371848100738
10	6	2	1000	1.0 	 0.00025948786850940787 	 0.0012487725099257934 	 10 	 3.568289214787989e-05 	 0.00415705693522802
10	6	2	10000	1.0 	 2.6359881082327272e-05 	 0.00012555428265794308 	 10 	 3.568140846759394e-06 	 0.0004156884086474692
10	7	2	100	0.7272727272727273 	 0.004472572243499479 	 0.009110950623562045 	 9 	 0.0008720692345843071 	 0.20744311583540423
10	7	2	1000	1.0 	 0.0003809668165119244 	 0.0005882734202616813 	 10 	 8.219281117708724e-06 	 0.0009575462502130701
10	7	2	10000	1.0 	 3.797567957107595e-05 	 5.8850606988571406e-05 	 10 	 8.184917012023973e-07 	 9.535428319007966e-05
10	8	2	100	0.6363636363636364 	 0.019843441735027452 	 0.02080974967235358 	 8 	 0.0006670473195820821 	 0.1955415912598626
10	8	2	1000	0.6363636363636364 	 0.018546065305966232 	 0.013244342030900523 	 8 	 0.0006837862968938382 	 0.17068512742365666
10	8	2	10000	0.6363636363636364 	 0.018434707443929062 	 0.01255811201910541 	 8 	 0.0006714038279086197 	 0.1682479120988102
10	9	2	100	0.9 	 0.012040758458758634 	 0.013317811078000737 	 9 	 0.00011800853495590257 	 0.01470974665890283
10	9	2	1000	0.9 	 0.00939267309471488 	 0.0033723449830095225 	 9 	 4.243703759182365e-05 	 0.004943914879447467
10	9	2	10000	0.9 	 0.009268499733059201 	 0.002956798985254687 	 9 	 3.782515301602946e-05 	 0.004406630326367453
10	10	2	100	0.6363636363636364 	 0.006129309152457097 	 0.010660043736777328 	 8 	 0.0002640448927866415 	 0.0855180207483352
10	10	2	1000	0.9 	 0.0008022519468224521 	 0.0012480322522953405 	 9 	 5.202635545681042e-05 	 0.006061070410718444
10	10	2	10000	1.0 	 2.9896862456784036e-05 	 8.792704894781078e-05 	 10 	 1.1876704576021542e-06 	 0.00013836360831065127
