REF_ID	ESTIMATED_DISTANCE	PORTION_MAPPED	TRUE_DISTANCE
G000009765	0.176972	0.36309	0.20362136786618593
G000010605	0.19053	0.33277	0.21960547964027943
G000024025	0.226355	0.18816	0.3551760051852196
G000091305	0.185104	0.37031	0.21687328771885814
G000092385	0.200537	0.33976	0.23871175741394113
G000147815	0.199561	0.34309	0.2374717574139411
G000158915	0.198128	0.34025	0.24460175741394108
G000158935	0.183322	0.37562	0.2154382664532935
G000158955	0.180307	0.3558	0.21524639371068116
G000163875	0.201387	0.30572	0.24227902029527223
G000203835	0.182827	0.38584	0.21549826645329354
G000204605	0.186158	0.35973	0.2159604246023014
G000213055	0.202284	0.28648	0.2452929842057006
G000225525	0.21299	0.04073	0.2079130010696414
G000240165	0.203956	0.30785	0.2323018209076812
G000242715	0.0405846	0.00032	0.23079439052480555
G000253235	0.192673	0.34359	0.21345902029527228
G000269985	0.203574	0.33561	0.2554169197966042
G000317595	0.182802	0.35373	0.2131532877188581
G000331005	0.183834	0.35891	0.22058042460230143
G000342125	0.197928	0.30725	0.22391682494222065
G000349325	0.180072	0.37589	0.20693300106964146
G000372745	0.217792	8e-05	0.3063460051852195
G000373565	0.214303	0.01093	0.2221005760112102
G000373665	0.19296	0.06333	0.23704182090768122
G000375725	0.234618	0.0234	0.2192398569832019
G000376565	0.179085	0.39575	0.2143304246023014
G000380165	0.153111	0.00027	0.2698532012458834
G000381025	0.207594	0.23895	0.2622204984839962
G000384115	0.227999	0.12703	0.37552600518521956
G000384175	0.22748	0.02452	0.21349902029527223
G000424785	0.202214	0.28245	0.24034974636496909
G000424825	0.203234	0.27568	0.23500781554282785
G000424845	0.205609	0.22957	0.24934849443593088
G000426325	0.202924	0.26243	0.2278378155428278
G000429085	0.189367	0.30265	0.2189693905861296
G000444875	0.185364	0.37471	0.2001443905248055
G000497405	0.204218	0.22132	0.2573378155428279
G000497425	0.194275	0.30991	0.22989449299893952
G000497445	0.183292	0.35894	0.21409439052480558
G000504285	0.226504	0.1813	0.3457660051852195
G000695235	0.199352	0.3356	0.2239768249422207
G000696185	0.200999	0.31257	0.2572569197966042
G000710465	0.19914	0.33505	0.24297691979660416
G000716215	0.176293	0.36305	0.21032208917680414
G000716675	0.190734	0.36569	0.2111605760112102
G000716805	0.177921	0.357	0.21712370911473156
G000717345	0.19543	0.32323	0.21751682494222063
G000717715	0.199739	0.32922	0.24507691979660418
G000717745	0.195333	0.30897	0.22522682494222065
G000718015	0.200384	0.30637	0.22093682494222064
G000718095	0.192569	0.3187	0.2246544929989395
G000718315	0.18814	0.36034	0.21180439052480549
G000718595	0.191859	0.34026	0.2148290202952723
G000718635	0.198744	0.33393	0.22312682494222066
G000718985	0.200499	0.25515	0.24018144547697395
G000719135	0.213725	0.24198	0.2626439123298979
G000719265	0.196169	0.3125	0.21848682494222066
G000719335	0.192752	0.35192	0.22011939668853514
G000719955	0.196268	0.32884	0.2200929842057006
G000720455	0.185452	0.35149	0.2225240561157587
G000720475	0.189662	0.34549	0.2192605760112102
G000721105	0.177133	0.36723	0.20345208917680416
G000721235	0.185472	0.37399	0.2117382664532935
G000721265	0.201264	0.28221	0.2485044929989395
G000721275	0.195453	0.35197	0.21816902029527227
G000725495	0.182387	0.37128	0.20658136786618592
G000725795	0.185177	0.33358	0.21348439052480558
G000744655	0.207301	0.25708	0.2605144177398256
G000744705	0.210428	0.27831	0.26585441773982554
G000744785	0.196691	0.28466	0.24837020315720154
G000744815	0.2117	0.26096	0.2710744177398256
G000745345	0.208763	0.27998	0.24417182090768125
G000787795	0.209884	0.00537	0.27070441773982556
G000787835	0.208727	0.25946	0.2716044177398256
G000802245	0.188258	0.29869	0.2311443905248055
G000818195	0.232494	0.02501	0.22865449299893953
G000827005	0.194012	0.33436	0.22087561556714302
G000830005	0.191734	0.35229	0.21087902029527222
G000935125	0.19782	0.30474	0.21694682494222067
G000938975	0.197745	0.34806	0.23402175741394113
G000955975	0.195528	0.28151	0.24811691979660416
G000964305	0.200696	0.24884	0.2437333907791571
G000968255	0.178138	0.37603	0.20580136786618594
G000993785	0.210127	0.22774	0.25456391232989795
G001005085	0.184572	0.39366	0.2120543905248055
G001011035	0.208271	0.29122	0.24779098829610702
G001013905	0.184181	0.3608	0.2053982664532935
G001083795	0.213243	0.25554	0.262363912329898
G001187435	0.198509	0.30496	0.22142682494222066
G001278075	0.192905	0.32029	0.22651902029527227
G001279695	0.189604	0.34097	0.21976902029527226
G001279985	0.1829	0.38292	0.21020275519599357
G001298575	0.186824	0.36658	0.2175704246023014
G001418415	0.186033	0.33775	0.2165727468915676
G001418465	0.187765	0.34814	0.21370057601121015
G001418475	0.185126	0.34689	0.21727328771885812
G001418495	0.189888	0.25883	0.22411175741394113
G001418575	0.204757	0.27301	0.2537455957587192
G001418585	0.181869	0.37843	0.20988704645406464
G001418655	0.16817	0.38954	0.1944072143871998
G001419695	0.183909	0.30596	0.22229274689156764
G001419745	0.187336	0.3547	0.2119605760112102
G001429805	0.223287	0.00879	0.2555669197966042
G001493375	0.211029	0.23424	0.25130391232989796
G001509795	0.181461	0.35777	0.2026330010696415
G001511815	0.187257	0.39234	0.20524439052480553
G001513975	0.176463	0.36437	0.20442300106964145
G001611795	0.181633	0.36409	0.2058163937106812
G001625365	0.188569	0.35066	0.23724906361301137
G001646665	0.192897	0.34142	0.20995902029527225
G001654495	0.183878	0.37072	0.20853439052480555
G001660045	0.183628	0.37678	0.2130282664532935
G001693675	0.199682	0.2967	0.23979902029527225
G001729485	0.195986	0.32854	0.21575682494222062
G001746425	0.184426	0.35178	0.2185240561157587
G001750785	0.197089	0.31942	0.22403902029527228
G001751375	0.205591	0.26003	0.24114974636496914
G001888885	0.186654	0.33558	0.2479390636130114
G001905365	0.190778	0.33061	0.21394985698320187
G900090125	0.200696	0.24884	0.2437133907791571
G900142575	0.205168	0.28211	0.2449318209076812
