2	1	0	0	150 	 2 	 26.66670870780945 	 8.92227053642273
2	2	0	0	150 	 2 	 27.815860271453857 	 9.308714628219604
2	3	0	0	150 	 2 	 34.51166248321533 	 8.278381109237671
2	4	0	0	150 	 2 	 36.235551595687866 	 8.945676803588867
2	5	0	0	150 	 2 	 35.30497670173645 	 8.271477460861206
2	6	0	0	150 	 2 	 26.430845022201538 	 8.831265687942505
2	7	0	0	150 	 2 	 26.46400260925293 	 8.812148571014404
2	8	0	0	150 	 2 	 26.756532192230225 	 8.944815874099731
2	9	0	0	150 	 2 	 27.40444803237915 	 9.178016662597656
2	10	0	0	150 	 2 	 26.912096977233887 	 8.72558307647705
3	1	0	0	149 	 3 	 76.87636470794678 	 13.45041036605835
3	2	0	0	149 	 3 	 63.64196300506592 	 14.999612808227539
3	3	0	0	149 	 3 	 73.64885330200195 	 13.185614585876465
3	4	0	0	149 	 3 	 82.30806016921997 	 14.721130609512329
3	5	0	0	149 	 3 	 83.71275806427002 	 12.055994749069214
3	6	0	0	149 	 3 	 67.11573433876038 	 11.876025676727295
3	9	0	0	149 	 3 	 56.83770203590393 	 12.436766147613525
3	10	0	0	149 	 3 	 109.8284056186676 	 12.312460899353027
5	1	0	0	147 	 5 	 184.61207938194275 	 20.470842123031616
5	4	0	0	147 	 5 	 205.38776230812073 	 20.205525159835815
5	5	0	0	147 	 5 	 2449.068044900894 	 251.02725219726562
5	6	0	0	147 	 5 	 1968.2487330436707 	 259.90651869773865
5	7	0	0	147 	 5 	 187.6009213924408 	 20.240535020828247
5	8	0	0	147 	 5 	 189.88536095619202 	 21.400469541549683
5	9	0	0	147 	 4 	 178.37487149238586 	 21.305153369903564
5	10	0	0	147 	 4 	 201.43934655189514 	 21.954627513885498
7	1	0	0	145 	 7 	 369.76960277557373 	 28.80278491973877
7	2	0	0	145 	 7 	 310.0935711860657 	 30.42606282234192
7	3	0	0	145 	 7 	 322.6261339187622 	 29.25723624229431
7	4	0	0	145 	 7 	 440.9991328716278 	 28.34501576423645
7	5	0	0	145 	 7 	 458.1724877357483 	 29.849134922027588
7	6	0	0	145 	 7 	 406.05003809928894 	 31.57955574989319
7	7	0	0	145 	 7 	 497.55606341362 	 30.47686529159546
7	8	0	0	145 	 6 	 337.0227060317993 	 36.40528345108032
7	9	0	0	145 	 6 	 429.98526334762573 	 31.383212566375732
7	10	0	0	145 	 6 	 379.8761076927185 	 31.776800394058228
10	1	0	0	142 	 9 	 659.7637524604797 	 43.210211515426636
10	2	0	0	142 	 9 	 676.3618195056915 	 43.36598086357117
10	3	0	0	142 	 10 	 661.3573598861694 	 43.84506559371948
10	4	0	0	142 	 9 	 754.4687223434448 	 41.11974859237671
10	5	0	0	142 	 10 	 718.7400183677673 	 43.627639293670654
10	6	0	0	142 	 8 	 699.6977961063385 	 37.420135736465454
10	7	0	0	142 	 10 	 762.9338774681091 	 41.32432007789612
10	8	0	0	142 	 9 	 779.0679140090942 	 42.56615972518921
10	9	0	0	142 	 9 	 667.8253836631775 	 41.422126054763794
10	10	0	0	142 	 9 	 906.9179847240448 	 42.46936774253845
2	1	1	100	150 	 2 	 57.24239373207092 	 12.445540189743042
2	1	1	1000	150 	 2 	 58.72014045715332 	 13.162147521972656
2	1	1	10000	150 	 2 	 58.483410120010376 	 13.401965379714966
2	2	1	100	150 	 2 	 57.16437387466431 	 12.529325485229492
2	2	1	1000	150 	 2 	 59.597301959991455 	 13.690856218338013
2	2	1	10000	150 	 2 	 68.56009912490845 	 17.75354027748108
2	3	1	100	150 	 2 	 48.848257541656494 	 12.358042240142822
2	3	1	1000	150 	 2 	 48.660329818725586 	 12.48281455039978
2	3	1	10000	150 	 2 	 52.08540081977844 	 13.986944913864136
2	4	1	100	150 	 2 	 55.24715209007263 	 15.451884269714355
2	4	1	10000	150 	 2 	 59.549750566482544 	 17.465376615524292
2	5	1	100	150 	 2 	 144.23453330993652 	 16.994072437286377
2	5	1	1000	150 	 2 	 98.24066233634949 	 19.1108500957489
2	5	1	10000	150 	 2 	 59.32720184326172 	 13.481668949127197
2	6	1	100	150 	 2 	 56.57361936569214 	 12.117926359176636
2	7	1	100	150 	 2 	 58.62566566467285 	 13.093215227127075
2	7	1	1000	150 	 2 	 60.81474828720093 	 14.400815725326538
2	7	1	10000	150 	 2 	 61.90783643722534 	 14.790934801101685
2	8	1	100	150 	 2 	 57.06513237953186 	 12.694344997406006
2	9	1	100	150 	 2 	 55.4200279712677 	 14.091187238693237
2	9	1	1000	150 	 2 	 59.22860789299011 	 15.823485136032104
2	9	1	10000	150 	 2 	 63.82390856742859 	 18.168018102645874
2	10	1	100	150 	 2 	 78.41385197639465 	 14.30635118484497
2	10	1	1000	150 	 2 	 67.05872988700867 	 15.355079650878906
2	10	1	10000	150 	 2 	 71.84213161468506 	 18.438406944274902
3	1	1	100	149 	 3 	 116.42564797401428 	 18.371882915496826
3	1	1	1000	149 	 3 	 119.22369956970215 	 18.864899158477783
3	1	1	10000	149 	 3 	 115.65402245521545 	 18.81738567352295
3	2	1	100	149 	 2 	 61.0792932510376 	 13.275785684585571
3	2	1	1000	149 	 3 	 110.88482880592346 	 21.166345357894897
3	2	1	10000	149 	 3 	 109.51408982276917 	 22.467143297195435
3	3	1	1000	149 	 3 	 114.47042512893677 	 19.13752818107605
3	3	1	10000	149 	 3 	 115.84142994880676 	 20.43411874771118
3	4	1	100	149 	 3 	 120.39225244522095 	 20.818753480911255
3	4	1	1000	149 	 3 	 119.10211658477783 	 20.953545808792114
3	4	1	10000	149 	 3 	 120.82826852798462 	 22.65238618850708
3	5	1	1000	149 	 3 	 136.71970534324646 	 18.774485111236572
3	5	1	10000	149 	 3 	 132.49634051322937 	 18.67797350883484
3	6	1	100	149 	 3 	 203.6708333492279 	 25.003474712371826
3	6	1	1000	149 	 3 	 102.91869139671326 	 18.151625156402588
3	6	1	10000	149 	 3 	 100.0894365310669 	 17.508278608322144
3	7	1	100	149 	 3 	 115.55504727363586 	 19.598247051239014
3	7	1	1000	149 	 3 	 127.66008567810059 	 19.741694927215576
3	7	1	10000	149 	 3 	 123.99493408203125 	 19.089334964752197
3	8	1	100	149 	 2 	 101.27621483802795 	 18.97223424911499
3	8	1	1000	149 	 3 	 101.46929001808167 	 19.452839851379395
3	8	1	10000	149 	 3 	 101.80359101295471 	 20.191570520401
3	9	1	100	149 	 3 	 130.2571496963501 	 19.529443740844727
3	9	1	1000	149 	 3 	 128.39718174934387 	 19.15904188156128
3	9	1	10000	149 	 3 	 124.4547290802002 	 18.28220796585083
3	10	1	100	149 	 3 	 142.8130226135254 	 19.26513934135437
3	10	1	1000	149 	 3 	 127.01933145523071 	 20.563496112823486
3	10	1	10000	149 	 3 	 127.2611939907074 	 23.712281942367554
5	1	1	100	147 	 5 	 243.24367451667786 	 26.99421215057373
5	1	1	1000	147 	 5 	 224.9143967628479 	 24.883624792099
5	1	1	10000	147 	 5 	 220.2022500038147 	 25.885048866271973
5	2	1	100	147 	 4 	 340.8180482387543 	 28.768867015838623
5	2	1	1000	147 	 5 	 275.1125741004944 	 33.38643717765808
5	2	1	10000	147 	 5 	 272.1746780872345 	 38.67226815223694
5	3	1	100	147 	 5 	 353.4455587863922 	 27.88168740272522
5	3	1	1000	147 	 3 	 208.56181406974792 	 21.993436336517334
5	3	1	10000	147 	 3 	 204.8356671333313 	 21.621445178985596
5	4	1	1000	147 	 5 	 263.0343780517578 	 28.293448448181152
5	4	1	10000	147 	 5 	 256.96879506111145 	 27.44800591468811
5	5	1	100	147 	 5 	 358.0894491672516 	 27.90276265144348
5	5	1	1000	147 	 5 	 332.5948088169098 	 26.607041597366333
5	5	1	10000	147 	 5 	 320.53919434547424 	 26.38383460044861
5	6	1	100	147 	 5 	 291.53906655311584 	 27.604220390319824
5	6	1	1000	147 	 5 	 263.2075698375702 	 27.01351761817932
5	6	1	10000	147 	 5 	 259.53218722343445 	 26.8475079536438
5	7	1	100	147 	 7 	 851.9701056480408 	 41.51960587501526
5	7	1	1000	147 	 5 	 350.5287160873413 	 26.612541913986206
5	7	1	10000	147 	 5 	 336.2037477493286 	 26.256157159805298
5	8	1	100	147 	 4 	 246.3800265789032 	 28.208494186401367
5	8	1	1000	147 	 5 	 230.0101706981659 	 29.7104389667511
5	8	1	10000	147 	 5 	 228.08490109443665 	 30.167189836502075
5	10	1	100	147 	 5 	 424.5252528190613 	 29.75331163406372
5	10	1	1000	147 	 5 	 330.85081601142883 	 31.448057651519775
5	10	1	10000	147 	 5 	 324.2968578338623 	 32.909199476242065
7	1	1	100	145 	 7 	 455.3649880886078 	 36.58816123008728
7	1	1	1000	145 	 7 	 443.44588017463684 	 35.05988574028015
7	1	1	10000	145 	 7 	 427.49814319610596 	 35.409568071365356
7	2	1	100	145 	 6 	 470.2333164215088 	 32.840335845947266
7	2	1	1000	145 	 7 	 491.1077482700348 	 42.24107503890991
7	2	1	10000	145 	 7 	 492.1892216205597 	 53.5201735496521
7	3	1	100	145 	 4 	 160.7745611667633 	 22.602944135665894
7	3	1	1000	145 	 4 	 160.57801270484924 	 22.2507426738739
7	3	1	10000	145 	 4 	 162.01804327964783 	 22.768019914627075
7	4	1	100	145 	 6 	 324.0447280406952 	 31.731980085372925
7	4	1	1000	145 	 7 	 472.52584648132324 	 36.8735728263855
7	4	1	10000	145 	 7 	 444.9339020252228 	 34.940852642059326
7	5	1	100	145 	 6 	 397.2835519313812 	 30.689602375030518
7	5	1	1000	145 	 7 	 468.01083397865295 	 36.03385806083679
7	5	1	10000	145 	 7 	 432.72036600112915 	 34.50420141220093
7	6	1	100	145 	 7 	 429.3082673549652 	 33.11148548126221
7	6	1	1000	145 	 7 	 446.6988389492035 	 35.17169809341431
7	6	1	10000	145 	 7 	 442.72532773017883 	 36.22795557975769
7	7	1	100	145 	 7 	 619.1657981872559 	 38.31179189682007
7	7	1	1000	145 	 7 	 562.0415570735931 	 33.57126498222351
7	7	1	10000	145 	 8 	 589.36598777771 	 40.50630044937134
7	8	1	100	145 	 6 	 402.3380377292633 	 34.59546709060669
7	8	1	1000	145 	 7 	 434.2418370246887 	 35.89737868309021
7	8	1	10000	145 	 7 	 401.21356225013733 	 35.8782172203064
7	9	1	100	145 	 6 	 314.5926465988159 	 28.16868257522583
7	9	1	1000	145 	 6 	 318.3731234073639 	 28.704882621765137
7	9	1	10000	145 	 6 	 314.8903374671936 	 28.4268000125885
7	10	1	100	145 	 7 	 478.1604018211365 	 37.03524708747864
7	10	1	1000	145 	 7 	 595.6722459793091 	 36.703789710998535
7	10	1	10000	145 	 7 	 582.0296032428741 	 38.96414756774902
10	1	1	100	142 	 10 	 978.2366917133331 	 48.607465744018555
10	1	1	1000	142 	 10 	 879.2019906044006 	 50.63632154464722
10	1	1	10000	142 	 10 	 891.1898124217987 	 49.784456729888916
10	2	1	100	142 	 9 	 906.4415056705475 	 49.54389023780823
10	2	1	1000	142 	 10 	 842.8516864776611 	 50.40398335456848
10	2	1	10000	142 	 10 	 861.9454221725464 	 50.81752371788025
10	3	1	100	142 	 7 	 461.50736594200134 	 35.00595998764038
10	3	1	1000	142 	 7 	 467.9246253967285 	 35.52530813217163
10	3	1	10000	142 	 7 	 548.5811884403229 	 39.0539391040802
10	4	1	100	142 	 9 	 962.4217207431793 	 56.05060958862305
10	4	1	1000	142 	 10 	 829.7917246818542 	 54.98093223571777
10	4	1	10000	142 	 10 	 853.9804825782776 	 54.069430112838745
10	5	1	100	142 	 9 	 796.7678172588348 	 44.60354542732239
10	5	1	1000	142 	 9 	 781.3739321231842 	 44.42888903617859
10	5	1	10000	142 	 9 	 813.7306077480316 	 46.16909575462341
10	6	1	100	142 	 10 	 1261.9770636558533 	 59.59483790397644
10	6	1	1000	142 	 10 	 959.9063425064087 	 52.01441240310669
10	6	1	10000	142 	 10 	 868.1724634170532 	 47.01831293106079
10	7	1	100	142 	 9 	 1242.1613557338715 	 54.484211921691895
10	7	1	1000	142 	 10 	 941.6239953041077 	 52.06859540939331
10	7	1	10000	142 	 11 	 1029.2429966926575 	 56.18483757972717
10	8	1	100	142 	 8 	 716.4529552459717 	 44.54489040374756
10	8	1	1000	142 	 10 	 963.9969754219055 	 51.06544327735901
10	8	1	10000	142 	 10 	 929.795791387558 	 49.68795204162598
10	9	1	100	142 	 9 	 780.3301982879639 	 44.9331259727478
10	9	1	1000	142 	 9 	 789.5516102313995 	 44.88769054412842
10	9	1	10000	142 	 9 	 809.4243519306183 	 46.02306866645813
10	10	1	100	142 	 9 	 755.2984683513641 	 44.930304527282715
10	10	1	1000	142 	 10 	 854.7353966236115 	 52.3268404006958
10	10	1	10000	142 	 10 	 837.0382785797119 	 58.13049602508545
2	1	2	100	150 	 2 	 61.86513328552246 	 13.535348176956177
2	1	2	1000	150 	 2 	 66.20276021957397 	 14.842075824737549
2	1	2	10000	150 	 2 	 65.15333890914917 	 14.865802764892578
2	2	2	100	150 	 2 	 56.00760054588318 	 14.15512990951538
2	2	2	1000	150 	 2 	 59.98422431945801 	 15.463146448135376
2	2	2	10000	150 	 2 	 68.48252940177917 	 19.657566785812378
2	3	2	100	150 	 2 	 53.905617237091064 	 13.89910340309143
2	3	2	1000	150 	 2 	 55.24652290344238 	 14.469029188156128
2	3	2	10000	150 	 2 	 57.442667961120605 	 15.348536014556885
2	4	2	100	150 	 2 	 60.46083474159241 	 13.505195140838623
2	4	2	1000	150 	 2 	 64.08459615707397 	 15.134870767593384
2	4	2	10000	150 	 2 	 68.93653106689453 	 17.109655141830444
2	5	2	100	150 	 2 	 49.43310475349426 	 12.639052391052246
2	5	2	1000	150 	 2 	 50.54750943183899 	 13.200652122497559
2	5	2	10000	150 	 2 	 51.44428110122681 	 13.677900075912476
2	7	2	100	150 	 2 	 67.87979078292847 	 13.795430421829224
2	7	2	1000	150 	 2 	 54.76416373252869 	 13.78744912147522
2	7	2	10000	150 	 2 	 57.72171902656555 	 15.355597972869873
2	8	2	1000	150 	 2 	 59.169758796691895 	 15.876388311386108
2	8	2	10000	150 	 2 	 59.106975078582764 	 15.760580062866211
2	9	2	100	150 	 2 	 75.41268992424011 	 15.85599136352539
2	9	2	1000	150 	 2 	 79.07003498077393 	 16.57634472846985
2	9	2	10000	150 	 2 	 61.472190618515015 	 16.75555944442749
2	10	2	100	150 	 2 	 67.701087474823 	 13.535517454147339
2	10	2	1000	150 	 2 	 69.60140061378479 	 14.000228881835938
2	10	2	10000	150 	 2 	 57.686041593551636 	 14.981403112411499
3	1	2	100	149 	 3 	 117.96922850608826 	 18.449156761169434
3	1	2	1000	149 	 3 	 114.87971234321594 	 18.04790472984314
3	1	2	10000	149 	 3 	 109.33974385261536 	 17.37164807319641
3	2	2	100	149 	 2 	 63.88378429412842 	 13.925756931304932
3	2	2	1000	149 	 3 	 111.56492781639099 	 23.0298171043396
3	2	2	10000	149 	 3 	 120.6556921005249 	 26.841882944107056
3	3	2	100	149 	 3 	 110.082115650177 	 18.696768283843994
3	3	2	1000	149 	 3 	 104.33434677124023 	 18.276410818099976
3	3	2	10000	149 	 3 	 103.91733646392822 	 19.697734832763672
3	4	2	100	149 	 3 	 152.16757535934448 	 20.392061471939087
3	4	2	1000	149 	 3 	 133.9298131465912 	 22.560808181762695
3	4	2	10000	149 	 3 	 133.3267116546631 	 23.502830743789673
3	5	2	100	149 	 3 	 130.0781180858612 	 19.306546926498413
3	5	2	1000	149 	 3 	 125.22797060012817 	 18.79666781425476
3	5	2	10000	149 	 3 	 121.44704008102417 	 18.604879140853882
3	6	2	100	149 	 3 	 267.55563950538635 	 28.19987916946411
3	6	2	1000	149 	 3 	 161.6709496974945 	 22.468627452850342
3	6	2	10000	149 	 3 	 97.06494498252869 	 18.173375844955444
3	8	2	1000	149 	 3 	 127.24566459655762 	 20.203683137893677
3	8	2	10000	149 	 3 	 123.87415289878845 	 20.23780918121338
3	9	2	100	149 	 3 	 100.53057169914246 	 18.652142763137817
3	9	2	1000	149 	 3 	 100.1837100982666 	 18.973987102508545
3	9	2	10000	149 	 3 	 102.46622371673584 	 20.13855481147766
3	10	2	100	149 	 3 	 137.20102643966675 	 20.848551273345947
3	10	2	1000	149 	 3 	 165.05836486816406 	 21.602148294448853
3	10	2	10000	149 	 3 	 167.86937928199768 	 22.238070487976074
5	1	2	100	147 	 4 	 250.37348556518555 	 29.317561388015747
5	1	2	1000	147 	 5 	 250.78720688819885 	 29.548827171325684
5	1	2	10000	147 	 5 	 247.40313029289246 	 30.55886697769165
5	2	2	100	147 	 4 	 217.38042545318604 	 24.360692262649536
5	3	2	100	147 	 5 	 279.2042636871338 	 29.196982383728027
5	3	2	1000	147 	 5 	 275.2074773311615 	 28.521586656570435
5	3	2	10000	147 	 5 	 265.22815322875977 	 27.76895308494568
5	4	2	100	147 	 5 	 405.3579132556915 	 32.00625014305115
5	4	2	1000	147 	 5 	 306.5375180244446 	 26.285067319869995
5	4	2	10000	147 	 5 	 292.1822648048401 	 25.30103850364685
5	5	2	100	147 	 5 	 263.3964903354645 	 27.51178550720215
5	5	2	1000	147 	 5 	 259.5937120914459 	 27.016688346862793
5	5	2	10000	147 	 5 	 252.44057250022888 	 26.368953466415405
5	6	2	100	147 	 5 	 281.5666015148163 	 27.597928524017334
5	6	2	1000	147 	 5 	 226.5812041759491 	 27.404696941375732
5	6	2	10000	147 	 5 	 217.62031817436218 	 26.74288845062256
5	7	2	100	147 	 5 	 386.93478202819824 	 27.273631811141968
5	7	2	1000	147 	 5 	 279.3145146369934 	 27.479150533676147
5	7	2	10000	147 	 5 	 280.2132234573364 	 26.95180630683899
5	8	2	100	147 	 5 	 317.73860239982605 	 28.791248559951782
5	8	2	1000	147 	 5 	 269.99004793167114 	 30.21944761276245
5	8	2	10000	147 	 5 	 254.35760378837585 	 29.086913108825684
5	9	2	1000	147 	 4 	 185.88694834709167 	 24.091182470321655
5	9	2	10000	147 	 4 	 183.5150728225708 	 23.3497576713562
5	10	2	100	147 	 4 	 215.08832502365112 	 22.646944761276245
5	10	2	1000	147 	 4 	 226.76532697677612 	 23.66969084739685
5	10	2	10000	147 	 4 	 224.91185212135315 	 23.553385496139526
7	1	2	100	145 	 7 	 473.784059047699 	 36.40312576293945
7	1	2	1000	145 	 7 	 460.9532907009125 	 34.47855257987976
7	1	2	10000	145 	 7 	 435.6378629207611 	 35.43315529823303
7	2	2	100	145 	 6 	 539.5881278514862 	 37.89271306991577
7	2	2	1000	145 	 7 	 429.9511396884918 	 37.63967299461365
7	2	2	10000	145 	 7 	 416.32258129119873 	 39.26899766921997
7	3	2	100	145 	 6 	 705.5733594894409 	 49.31348752975464
7	3	2	1000	145 	 6 	 572.3781952857971 	 45.80304789543152
7	3	2	10000	145 	 7 	 443.5990173816681 	 41.65438747406006
7	4	2	100	145 	 7 	 679.2874598503113 	 40.704479932785034
7	4	2	1000	145 	 7 	 615.6647794246674 	 41.932740926742554
7	4	2	10000	145 	 7 	 563.2116997241974 	 37.802897453308105
7	5	2	100	145 	 7 	 587.5142905712128 	 41.53059506416321
7	5	2	1000	145 	 7 	 603.1630990505219 	 39.22757053375244
7	5	2	10000	145 	 7 	 561.7023720741272 	 39.5185546875
7	6	2	100	145 	 7 	 710.61106133461 	 41.005820751190186
7	6	2	1000	145 	 7 	 560.2590036392212 	 43.639918088912964
7	6	2	10000	145 	 7 	 542.5956630706787 	 39.00759840011597
7	7	2	100	145 	 7 	 560.964704990387 	 36.30121850967407
7	7	2	1000	145 	 7 	 571.1300168037415 	 36.71160316467285
7	7	2	10000	145 	 7 	 590.4517784118652 	 40.56112623214722
7	8	2	100	145 	 7 	 536.5223135948181 	 44.78229331970215
7	8	2	1000	145 	 6 	 415.77613592147827 	 40.81726813316345
7	8	2	10000	145 	 6 	 391.95185923576355 	 36.414889335632324
7	9	2	100	145 	 6 	 517.8740997314453 	 36.313652753829956
7	9	2	1000	145 	 6 	 518.6805737018585 	 35.76971793174744
7	9	2	10000	145 	 6 	 460.3377652168274 	 31.659850597381592
7	10	2	100	145 	 6 	 464.1177101135254 	 38.46698355674744
7	10	2	1000	145 	 6 	 462.550900220871 	 37.07463312149048
7	10	2	10000	145 	 6 	 444.681693315506 	 32.435001850128174
10	1	2	100	142 	 9 	 791.9717319011688 	 51.74899911880493
10	1	2	1000	142 	 9 	 751.8090815544128 	 45.332154989242554
10	1	2	10000	142 	 9 	 686.9778006076813 	 43.54659461975098
10	2	2	100	142 	 9 	 661.3618078231812 	 45.75871181488037
10	2	2	1000	142 	 9 	 706.4941699504852 	 47.67892503738403
10	2	2	10000	142 	 9 	 708.1233141422272 	 44.6418342590332
10	3	2	100	142 	 8 	 1051.9985151290894 	 53.14941740036011
10	3	2	1000	142 	 10 	 1031.9626722335815 	 57.3787841796875
10	3	2	10000	142 	 10 	 1030.9411852359772 	 53.48273038864136
10	4	2	100	142 	 9 	 736.0759966373444 	 45.658690452575684
10	4	2	1000	142 	 9 	 791.4752464294434 	 45.5657684803009
10	4	2	10000	142 	 9 	 768.3408432006836 	 43.57632088661194
10	5	2	100	142 	 9 	 781.6847054958344 	 50.11786413192749
10	5	2	1000	142 	 10 	 1087.42724776268 	 50.31442642211914
10	5	2	10000	142 	 10 	 819.2968902587891 	 48.517621755599976
10	6	2	100	142 	 10 	 1073.3543009757996 	 53.88149094581604
10	6	2	1000	142 	 8 	 746.700355052948 	 39.98655581474304
10	6	2	10000	142 	 8 	 686.3038637638092 	 37.5181028842926
10	7	2	100	142 	 9 	 798.2930798530579 	 41.730668783187866
10	7	2	1000	142 	 10 	 815.8963062763214 	 50.118802309036255
10	7	2	10000	142 	 10 	 878.2383649349213 	 49.981993436813354
10	8	2	100	142 	 9 	 758.5184795856476 	 41.84661030769348
10	8	2	1000	142 	 9 	 685.6632962226868 	 41.856762409210205
10	8	2	10000	142 	 9 	 738.4984006881714 	 44.6940541267395
10	9	2	100	142 	 9 	 691.189998626709 	 40.60778999328613
10	9	2	1000	142 	 9 	 645.1659188270569 	 40.9849066734314
10	9	2	10000	142 	 9 	 738.6719589233398 	 46.11190962791443
10	10	2	100	142 	 9 	 701.059130191803 	 42.28002667427063
10	10	2	1000	142 	 9 	 804.7133843898773 	 43.07544946670532
10	10	2	10000	142 	 9 	 975.3364996910095 	 44.118080377578735
