2	1	0	0	1.0 	 1.239194702556599e-12 	 7.895672894441115e-12 	 2 	 1.5524613104177457e-12 	 5.2007453898994527e-11
2	2	0	0	1.0 	 0.00028999545422192296 	 0.004063575498561376 	 2 	 0.004870234632117831 	 0.1631528505143207
2	3	0	0	1.0 	 3.68809118220055e-17 	 2.1457306676639147e-16 	 2 	 2.4855739357279634e-18 	 8.326672684688674e-17
2	4	0	0	1.0 	 1.1551394676866859e-17 	 7.72340920884252e-17 	 2 	 6.6281971619412276e-18 	 2.220446049250313e-16
2	5	0	0	1.0 	 1.8892248345443343e-16 	 7.360065542210632e-16 	 2 	 2.3612952389415634e-17 	 7.91033905045424e-16
2	6	0	0	1.0 	 2.0154416026781652e-14 	 8.330720748782609e-14 	 2 	 7.057372928176922e-15 	 2.364219930939271e-13
2	7	0	0	1.0 	 7.741921998198196e-17 	 1.2630207536951886e-16 	 2 	 1.0770820388154492e-17 	 3.608224830031759e-16
2	8	0	0	1.0 	 1.633473675509283e-16 	 8.4000565449557e-16 	 2 	 5.385410194077247e-17 	 1.8041124150158794e-15
2	9	0	0	1.0 	 8.770266687101874e-16 	 3.6346310018123116e-16 	 2 	 2.3664735179743285e-17 	 7.927686285214008e-16
2	10	0	0	1.0 	 3.337100827995949e-10 	 4.720526365417036e-10 	 2 	 1.2613609058569365e-11 	 4.225559034620736e-10
3	1	0	0	1.0 	 3.972499176521184e-12 	 1.3153771069267988e-11 	 3 	 2.2164176477063455e-12 	 7.203357355045627e-11
3	2	0	0	1.0 	 0.00040464184847556755 	 0.002292850361771481 	 3 	 0.002969972803822212 	 0.09652411612422189
3	3	0	0	1.0 	 2.816642208239113e-16 	 1.0431244859405092e-15 	 3 	 5.3803115808757586e-17 	 1.7486012637846217e-15
3	4	0	0	1.0 	 1.101960600043315e-15 	 4.748609977907599e-15 	 3 	 5.311990163975742e-16 	 1.7263968032921184e-14
3	5	0	0	1.0 	 5.020253645391409e-16 	 1.7119852148906194e-15 	 3 	 1.3920488693376918e-16 	 4.524158825347513e-15
3	6	0	0	1.0 	 5.3547097517966324e-14 	 1.6516817340236211e-13 	 3 	 1.320140578050433e-14 	 4.2904568786639175e-13
3	7	0	0	1.0 	 0.0004954762206516827 	 0.0010207924436817805 	 3 	 0.00022284049104879353 	 0.007242315959096797
3	8	0	0	1.0 	 6.682050760447555e-15 	 2.569230995631464e-14 	 3 	 3.082149919901685e-15 	 1.0016987239680475e-13
3	9	0	0	1.0 	 2.700394441974063e-15 	 5.111981645392909e-16 	 3 	 3.5254918642543945e-17 	 1.145784855882681e-15
3	10	0	0	1.0 	 1.79547948123673e-10 	 3.9265484859860253e-10 	 3 	 1.4561795252516083e-11 	 4.73258345706773e-10
5	1	0	0	1.0 	 6.648992630409979e-11 	 7.950209602731568e-11 	 5 	 1.3617730349550779e-11 	 4.1534077566129923e-10
5	2	0	0	0.8 	 0.0006408470266780414 	 0.00225999365056456 	 4 	 0.0007221249039189174 	 0.022024809569527043
5	3	0	0	1.0 	 1.210228325888611e-15 	 3.310959736577846e-15 	 5 	 2.0862182655353863e-16 	 6.362965709882927e-15
5	4	0	0	1.0 	 1.85519847292125e-05 	 3.759904831125667e-05 	 5 	 5.364624861878052e-06 	 0.00016362105828727174
5	5	0	0	1.0 	 4.778795668803721e-08 	 8.54654565626501e-08 	 5 	 1.684504099710039e-08 	 5.137737504115578e-07
5	6	0	0	0.5714285714285714 	 0.0009707517601454685 	 0.005877921648621576 	 6 	 0.0049724027366429965 	 0.20069517069676135
5	7	0	0	1.0 	 0.0007853031227747582 	 0.000786292236891707 	 5 	 0.0001648168065882222 	 0.005026912600941365
5	8	0	0	1.0 	 1.317554050150861e-08 	 2.662924319848427e-08 	 5 	 3.0384914893808985e-09 	 9.267399042611777e-08
5	9	0	0	0.8 	 0.01797744896532871 	 0.013561842477015798 	 4 	 0.0012074450959423052 	 0.03682707542624033
5	10	0	0	0.5 	 0.03591633100848649 	 0.13507545658407794 	 4 	 0.0048150732705300806 	 0.4298008646714641
7	1	0	0	1.0 	 1.1086999691717778e-10 	 1.7173815429647787e-10 	 7 	 3.536875056963427e-11 	 1.0080093912345767e-09
7	2	0	0	0.625 	 9.160234787658504e-05 	 0.0013385078424530065 	 6 	 0.0006108894196222759 	 0.1920208640242479
7	4	0	0	0.75 	 0.0015366359022707479 	 0.005104366686959122 	 7 	 0.004546328885072397 	 0.196122199921217
7	5	0	0	0.875 	 0.007647231377003679 	 0.008971298873463474 	 8 	 0.0030142602719393226 	 0.088241987312542
7	6	0	0	0.5 	 0.0022052993295488877 	 0.0011651806277528092 	 8 	 0.0014912101019586878 	 0.13241193984327773
7	7	0	0	1.0 	 0.0033657075756946143 	 0.002965811237604026 	 7 	 0.0006978318488743694 	 0.019888207692917766
7	8	0	0	0.8571428571428571 	 0.00024619394871985167 	 0.0004899175397277787 	 6 	 0.0001380992834324106 	 0.003935829577823711
7	9	0	0	0.625 	 0.013061403650147688 	 0.006761638697155261 	 6 	 0.0003301826377186682 	 0.12318184403859125
7	10	0	0	0.5 	 0.034420732856643904 	 0.10172562533916724 	 5 	 0.004372101719393895 	 0.3985273420930917
2	1	1	100	1.0 	 0.00019746562462873355 	 0.001250971821975454 	 2 	 0.0002869593424309461 	 0.009613137971436703
2	1	1	1000	1.0 	 2.005586309238473e-05 	 0.00012686704982830044 	 2 	 2.8695935053164863e-05 	 0.0009613138242810237
2	1	1	10000	1.0 	 2.0087830983251717e-06 	 1.2704868870266709e-05 	 2 	 2.8695943137663938e-06 	 9.613140951117427e-05
2	2	1	100	0.3333333333333333 	 1.9029959026979545e-05 	 0.005557890106515197 	 2 	 0.0006352769748067281 	 0.03318819638753927
2	2	1	1000	0.3333333333333333 	 0.000766500705498816 	 0.006713163290983518 	 2 	 0.009897446555115976 	 0.9668118042189585
2	2	1	10000	1.0 	 0.0003281133753552894 	 0.004108843442871471 	 2 	 0.005634646287801019 	 0.18876068587694236
2	3	1	100	1.0 	 0.0042109122312719745 	 0.016546342693401897 	 2 	 0.0004066369708619991 	 0.013622338523876981
2	3	1	1000	1.0 	 0.0004020810403839009 	 0.0016702508104398796 	 2 	 4.066369708620596e-05 	 0.001362233852387901
2	3	1	10000	1.0 	 4.0027456491507926e-05 	 0.00016718288732877536 	 2 	 4.066369708630953e-06 	 0.00013622338523913702
2	4	1	100	1.0 	 0.0007895422185088037 	 0.0031874151364244124 	 2 	 0.00010637361702472765 	 0.003563516170328379
2	4	1	1000	1.0 	 7.892890784481475e-05 	 0.0003202569437961836 	 2 	 1.0637361702477157e-05 	 0.000356351617032985
2	4	1	10000	1.0 	 7.892675464047932e-06 	 3.204094028089427e-05 	 2 	 1.0637361702426616e-06 	 3.563516170312919e-05
2	5	1	100	0.3333333333333333 	 0.01886537004212575 	 0.005971257247586762 	 2 	 0.00032374627064255673 	 0.02484124540888972
2	5	1	1000	1.0 	 0.00027479186942603966 	 0.000381234555212267 	 2 	 2.3825547271336403e-05 	 0.0007981558335897703
2	5	1	10000	1.0 	 2.6784010825101953e-05 	 3.814638833412838e-05 	 2 	 2.3825547271407087e-06 	 7.981558335921381e-05
2	6	1	100	1.0 	 0.0002189694836712527 	 0.0017999749646541393 	 2 	 0.00023443583666837668 	 0.007853600528390625
2	6	1	1000	1.0 	 2.167878727158726e-05 	 0.000180410155228311 	 2 	 2.3443583661390614e-05 	 0.0007853600526565863
2	6	1	10000	1.0 	 2.1657544783727376e-06 	 1.80452071288818e-05 	 2 	 2.344358360679333e-06 	 7.853600508275771e-05
2	7	1	100	1.0 	 0.0012231127385889887 	 0.004782239851116477 	 2 	 0.00022603164847538148 	 0.0075720602239252865
2	7	1	1000	1.0 	 0.00012123756416000665 	 0.0004821672548821977 	 2 	 2.2603164847533593e-05 	 0.000757206022392376
2	7	1	10000	1.0 	 1.2113381429404121e-05 	 4.825662139144806e-05 	 2 	 2.260316484756508e-06 	 7.572060223934308e-05
2	8	1	100	1.0 	 0.00014630697109970482 	 0.002183484737035618 	 2 	 0.00026874790605511 	 0.009003054852846193
2	8	1	1000	1.0 	 1.4453722361686128e-05 	 0.00021846235176106057 	 2 	 2.6874790605607607e-05 	 0.0009003054852878556
2	8	1	10000	1.0 	 1.4436325768213956e-06 	 2.1847374610820106e-05 	 2 	 2.6874790606547153e-06 	 9.003054853193304e-05
2	9	1	100	1.0 	 0.00035669631257694267 	 0.0015310312277463925 	 2 	 4.97528644335437e-05 	 0.0016667209585237153
2	9	1	1000	1.0 	 3.5628834486735225e-05 	 0.00015325602285795012 	 2 	 4.975286443343268e-06 	 0.0001666720958519996
2	9	1	10000	1.0 	 3.562479979686995e-06 	 1.532713296645437e-05 	 2 	 4.975286443387179e-07 	 1.6667209585347065e-05
2	10	1	100	1.0 	 0.00022789744070404318 	 0.001050352165882713 	 2 	 4.9836062113973573e-05 	 0.0016695080808181155
2	10	1	1000	1.0 	 2.2835704630943445e-05 	 0.00010534666955091709 	 2 	 4.983612261152913e-06 	 0.00016695101074862265
2	10	1	10000	1.0 	 2.284085609779e-06 	 1.0538011751260502e-05 	 2 	 4.983672757675298e-07 	 1.6695303738212257e-05
3	1	1	100	1.0 	 0.003102469721878694 	 0.011366811950013947 	 3 	 0.0017179552064006316 	 0.05583354420802053
3	1	1	1000	1.0 	 0.00030469858513926056 	 0.0011800018503424824 	 3 	 0.0001717955211736976 	 0.005583354438145172
3	1	1	10000	1.0 	 3.051423749628889e-05 	 0.00011850892958391283 	 3 	 1.7179552652971752e-05 	 0.0005583354612215818
3	2	1	100	0.5 	 0.0001670160973091481 	 0.0058727244785673205 	 3 	 0.00035237467963018375 	 0.022394491580028777
3	2	1	1000	0.6666666666666666 	 0.00014608798973744962 	 0.0005917385379177431 	 2 	 0.0003379004202740399 	 0.010981763658906298
3	2	1	10000	0.6666666666666666 	 0.00010805792234345354 	 0.0005215515667978336 	 2 	 0.0003366865997553178 	 0.010942314492047828
3	3	1	100	1.0 	 0.012014632466663911 	 0.023360162803701116 	 3 	 0.0008353967122551149 	 0.027150393148291284
3	3	1	1000	1.0 	 0.0010956842721761813 	 0.0023738247211476447 	 3 	 8.353967122546479e-05 	 0.002715039314827611
3	3	1	10000	1.0 	 0.00010862632476044804 	 0.0002377721350102615 	 3 	 8.35396712251095e-06 	 0.00027150393148160645
3	4	1	100	1.0 	 0.0013473850393843389 	 0.004071032917390484 	 3 	 0.00022992761303002406 	 0.007472647423475781
3	4	1	1000	1.0 	 0.00013398356760135053 	 0.00040904653947161705 	 3 	 2.2992761304005618e-05 	 0.0007472647423801826
3	4	1	10000	1.0 	 1.3391218682901414e-05 	 4.092435351050558e-05 	 3 	 2.299276131398567e-06 	 7.472647427045342e-05
3	5	1	100	0.4 	 0.014864745444349821 	 0.01589798949235637 	 4 	 0.00693766115433581 	 0.24010734005215245
3	5	1	1000	1.0 	 0.00024169176712806944 	 0.0008639218064388426 	 3 	 5.193730289062156e-05 	 0.001687962343945201
3	5	1	10000	1.0 	 2.4409391935850595e-05 	 8.65591990760492e-05 	 3 	 5.193730289110005e-06 	 0.00016879623439607517
3	6	1	100	1.0 	 0.0006448243027021575 	 0.002577819626360095 	 3 	 0.00033255791602478937 	 0.010808132270805654
3	6	1	1000	1.0 	 6.372321146584784e-05 	 0.0002586742022880446 	 3 	 3.325579160089294e-05 	 0.0010808132270290207
3	6	1	10000	1.0 	 6.365114531128833e-06 	 2.587655823516475e-05 	 3 	 3.325579158523026e-06 	 0.00010808132265199832
3	7	1	100	0.6666666666666666 	 0.006228879143391702 	 0.02089726054374013 	 2 	 0.006827893336625891 	 0.22190653344034225
3	7	1	1000	1.0 	 0.0003301917735857546 	 0.0010277932154998553 	 3 	 0.00015374087302109013 	 0.004996578373187465
3	7	1	10000	1.0 	 3.381685237652942e-05 	 0.00014977951074293664 	 3 	 2.4920033257445936e-05 	 0.0008099010808672317
3	8	1	100	1.0 	 0.0007042140288405007 	 0.0039824423685095225 	 3 	 0.0005169311592105693 	 0.01680026267434354
3	8	1	1000	1.0 	 7.00742901573804e-05 	 0.0004009908007055309 	 3 	 5.169311591880147e-05 	 0.0016800262673610513
3	8	1	10000	1.0 	 7.004664432957509e-06 	 4.012707399516813e-05 	 3 	 5.169311589615804e-06 	 0.00016800262666251398
3	9	1	100	1.0 	 0.0010631584847980834 	 0.003934703685302691 	 3 	 0.00023016520872658018 	 0.007480369283613856
3	9	1	1000	1.0 	 0.0001061930174427734 	 0.00039356922393022297 	 3 	 2.3016520872658317e-05 	 0.0007480369283613952
3	9	1	10000	1.0 	 1.0618362336157083e-05 	 3.935791122024462e-05 	 3 	 2.30165208725584e-06 	 7.48036928358148e-05
3	10	1	100	1.0 	 0.000883434576225047 	 0.004573912750270727 	 3 	 0.0003768528846791911 	 0.012968999885963312
3	10	1	1000	1.0 	 8.936471316963193e-05 	 0.00046463806729338833 	 3 	 1.771135654650483e-05 	 0.0012969002216509928
3	10	1	10000	1.0 	 8.947543079079897e-06 	 4.653925175070358e-05 	 3 	 3.99046939154943e-06 	 0.0001296902552253565
5	1	1	100	1.0 	 0.004626348374278349 	 0.0122648522702131 	 5 	 0.0012150131582583643 	 0.037057901326880104
5	1	1	1000	1.0 	 0.000481278513844296 	 0.0012774473843549783 	 5 	 0.00012150132564351033 	 0.0037057904321270638
5	1	1	10000	1.0 	 4.834035607433761e-05 	 0.00012829336971324125 	 5 	 1.2150142389201462e-05 	 0.0003705793428706444
5	2	1	100	0.42857142857142855 	 0.00723685159997131 	 0.026617664155706714 	 5 	 0.003841206395618519 	 0.25547546638767704
5	2	1	1000	0.5 	 0.0008310145243623566 	 0.0035182441382257254 	 4 	 0.0007399327482404596 	 0.15451090624303995
5	2	1	10000	0.8 	 0.0002197726449553315 	 0.0008047435007682954 	 4 	 0.0002963160009681377 	 0.00903763802952821
5	3	1	100	1.0 	 0.02262011831981502 	 0.023884620645892297 	 5 	 0.0010314518079558481 	 0.031459280142653374
5	3	1	1000	1.0 	 0.0025485215624886453 	 0.0028620998032762766 	 5 	 0.00010394328191355441 	 0.003170270098363411
5	3	1	10000	1.0 	 0.0002500841676512405 	 0.0002867319067011449 	 5 	 1.0394328191349867e-05 	 0.00031702700983617105
5	4	1	100	0.6666666666666666 	 0.008507710269286331 	 0.01627709434261246 	 5 	 0.0014849044754751883 	 0.26174803635614524
5	4	1	1000	0.6666666666666666 	 0.004354612054935408 	 0.012447194667615909 	 5 	 0.0019597170744114984 	 0.2611581156321819
5	4	1	10000	1.0 	 0.0003177707045225633 	 0.0009804482729208336 	 5 	 0.00013916805960553975 	 0.004244625817966792
5	5	1	100	0.42857142857142855 	 0.03250342324015478 	 0.036774813460841854 	 5 	 0.0014350603205882033 	 0.34677455316109473
5	5	1	1000	1.0 	 0.003344342868270858 	 0.009665616371647355 	 5 	 0.0019803236576680944 	 0.06039987155887692
5	5	1	10000	0.8 	 0.009730529716334237 	 0.007635719613605022 	 4 	 0.0017782049262169476 	 0.0542352502496165
5	6	1	100	0.42857142857142855 	 0.07819294727991434 	 0.04248312481584695 	 5 	 0.007477479105656102 	 0.2782156908876972
5	6	1	1000	0.6666666666666666 	 4.850959795805695e-05 	 0.0013987393563592541 	 5 	 6.813407529690689e-05 	 0.04368908901857871
5	6	1	10000	0.6666666666666666 	 4.868414272220482e-06 	 0.00014378131896731043 	 5 	 6.92389504002682e-06 	 0.041822178520743866
5	7	1	100	0.8 	 0.019238470724656637 	 0.03863646441759607 	 4 	 0.006044624939198855 	 0.18436106064556498
5	7	1	1000	0.6666666666666666 	 0.004026490471178313 	 0.010111058677279667 	 5 	 0.0016130487537901687 	 0.26893755053903534
5	7	1	10000	1.0 	 0.00033581569728419923 	 0.0009205902848059527 	 5 	 0.00015245013903838502 	 0.004807721500902288
5	8	1	100	0.8 	 0.015442910397731293 	 0.01848115135307768 	 4 	 0.0031983199293591407 	 0.09754875784545378
5	8	1	1000	1.0 	 0.0011687111842875757 	 0.0031961695742315274 	 5 	 0.0003397820060810962 	 0.010363351185473439
5	8	1	10000	1.0 	 0.00012056636019639049 	 0.0003300136581387926 	 5 	 3.3979844740458635e-05 	 0.0010363852645839887
5	9	1	100	1.0 	 0.008570118262668174 	 0.008500279097343863 	 5 	 0.0007275116469861455 	 0.022189108714092555
5	9	1	1000	1.0 	 0.0013339462760951946 	 0.0017497620657049848 	 5 	 0.0001427623493236806 	 0.004354251654372254
5	9	1	10000	1.0 	 0.0001281469776895576 	 0.0001751974556526069 	 5 	 1.427617632402279e-05 	 0.0004354233778826947
5	10	1	100	0.42857142857142855 	 0.009960161863685358 	 0.07325909321478628 	 5 	 0.0008086009404296691 	 0.371353692674728
5	10	1	1000	0.6666666666666666 	 0.0007697187505280786 	 0.013307730967365766 	 5 	 0.0005159702603482621 	 0.13353314195657132
5	10	1	10000	0.6666666666666666 	 7.51565047914667e-05 	 0.0014539039535233945 	 5 	 5.2142157221145726e-05 	 0.11938638481119429
7	1	1	100	0.8571428571428571 	 0.01981365035967253 	 0.01858970348485848 	 6 	 0.0016151612729758138 	 0.06506906086569902
7	1	1	1000	0.8571428571428571 	 0.009777440171970828 	 0.002276710893072256 	 6 	 0.0002426523390113381 	 0.0069155916618231375
7	1	1	10000	0.8571428571428571 	 0.008976486849375659 	 0.0010691410075905359 	 6 	 0.00018994516028739364 	 0.005413437068190711
7	2	1	100	0.625 	 0.05838220145390265 	 0.046598549135404156 	 6 	 0.005232521730907513 	 0.40034029215381434
7	2	1	1000	0.625 	 0.02227947709079827 	 0.007110505176303864 	 6 	 0.0009978587552413789 	 0.12713573063742684
7	2	1	10000	0.8571428571428571 	 0.004491845816633981 	 0.0071560907186420586 	 6 	 0.0026948604457981483 	 0.07899261759621244
7	4	1	100	0.625 	 0.011708270154560472 	 0.015859970473346016 	 6 	 0.0035526605975295658 	 0.27692299613468263
7	4	1	1000	0.625 	 0.005803274686579883 	 0.012014212255170976 	 6 	 0.0037951583695582784 	 0.2731402715653549
7	4	1	10000	0.75 	 0.004619718531198203 	 0.008261708292136068 	 7 	 0.0010701708411814514 	 0.18800878348108813
7	5	1	100	0.5 	 0.030963374554729025 	 0.031034613675127717 	 5 	 0.0029481398895050527 	 0.4183278795796694
7	5	1	1000	0.5 	 0.014118728115084567 	 0.014668515983745774 	 5 	 0.001135355010132157 	 0.32881361354781713
7	5	1	10000	0.5 	 0.009568664004722548 	 0.005298921827552348 	 5 	 0.0014683183251865011 	 0.2645851279579683
7	6	1	100	0.5 	 0.024402976848929104 	 0.048407167014662446 	 5 	 0.009781526311649403 	 0.5188438109435063
7	6	1	1000	0.4 	 0.0443618031988104 	 0.016600895439043875 	 7 	 0.0035498163128976374 	 0.36599537208764643
7	6	1	10000	0.5555555555555556 	 0.014455825000614517 	 0.00910102324957641 	 7 	 0.002270179098753872 	 0.34073370539576653
7	7	1	100	0.5714285714285714 	 0.05144449789064652 	 0.05687071686301895 	 4 	 0.01752912383055865 	 0.5229469691661104
7	7	1	1000	0.4 	 0.006380766022523485 	 0.013225137601324048 	 7 	 0.0023751145077804767 	 0.4555704101395194
7	7	1	10000	0.36363636363636365 	 0.007255421091017396 	 0.013808742685081397 	 8 	 0.003256652044815634 	 0.523840836812202
7	8	1	100	0.5 	 0.051705400540924415 	 0.06402399174043275 	 5 	 0.012443255246110778 	 0.5506158023982178
7	8	1	1000	0.8571428571428571 	 0.0043855378952238145 	 0.002950932633779495 	 6 	 0.0015500072296616956 	 0.044175206045358344
7	8	1	10000	1.0 	 8.605177962541953e-05 	 0.00014632190636404625 	 7 	 1.4637723843714005e-05 	 0.0004171751295458493
7	9	1	100	0.6 	 0.15904592671913337 	 0.12718646840153094 	 9 	 0.004343246541940495 	 0.2745191278121759
7	9	1	1000	0.75 	 0.04836864041300056 	 0.07597564378326697 	 7 	 0.0020686825203168847 	 0.21297720642486148
7	9	1	10000	1.0 	 0.02197292557934263 	 0.04301989902780157 	 7 	 0.001664118167941272 	 0.04997637644657788
7	10	1	100	0.5555555555555556 	 0.015033669444305177 	 0.06160474653671912 	 7 	 0.0015492566962672068 	 0.2811949474996597
7	10	1	1000	0.5555555555555556 	 0.005930129616721087 	 0.048071497698438465 	 7 	 0.0007843574655218884 	 0.28678707393848585
7	10	1	10000	0.5555555555555556 	 0.005433564517628373 	 0.0466833275897973 	 7 	 0.0009798195761961828 	 0.28111522966009905
2	1	2	100	1.0 	 8.63557624431812e-05 	 0.0006343415115982133 	 2 	 0.00012648473952830467 	 0.00423723877419821
2	1	2	1000	1.0 	 8.614772764803349e-06 	 6.344796381039719e-05 	 2 	 1.2648475350493464e-05 	 0.00042372392424153143
2	1	2	10000	1.0 	 8.612742107031183e-07 	 6.3449389297042224e-06 	 2 	 1.264848931882493e-06 	 4.237243921806355e-05
2	2	2	100	0.3333333333333333 	 0.09468756042736116 	 0.009823667850567017 	 2 	 0.0014523437121545593 	 0.05612696610149264
2	2	2	1000	0.3333333333333333 	 0.08162531708781136 	 0.003139000208433109 	 2 	 0.0016491584595048133 	 0.056126966101492655
2	2	2	10000	0.3333333333333333 	 3.304570822215057e-05 	 0.001030587100471746 	 2 	 0.000695667881739723 	 0.056126966101492516
2	3	2	100	1.0 	 0.0008831599919469198 	 0.004772293598308985 	 2 	 4.2415299216656016e-05 	 0.0014209125237579778
2	3	2	1000	1.0 	 8.839826417987054e-05 	 0.00047747294039099 	 2 	 4.241529921664774e-06 	 0.00014209125237577003
2	3	2	10000	1.0 	 8.840654935191768e-06 	 4.774975655414846e-05 	 2 	 4.241529921650689e-07 	 1.4209125237529818e-05
2	4	2	100	1.0 	 0.0006138763318351633 	 0.003564659219700621 	 2 	 0.00018921270086527358 	 0.00633862547898667
2	4	2	1000	1.0 	 6.192468347831706e-05 	 0.00036000177419067065 	 2 	 1.892127008652537e-05 	 0.0006338625478986004
2	4	2	10000	1.0 	 6.197893492408369e-06 	 3.603587573307194e-05 	 2 	 1.8921270086531998e-06 	 6.338625478988225e-05
2	5	2	100	1.0 	 0.0029398381495555266 	 0.006783080133663603 	 2 	 0.0002240070895503126 	 0.007504237499935479
2	5	2	1000	1.0 	 0.00028459937330421395 	 0.0006797459611221244 	 2 	 2.24007089550132e-05 	 0.0007504237499929428
2	5	2	10000	1.0 	 2.8369565482097158e-05 	 6.79890697173818e-05 	 2 	 2.2400708954743515e-06 	 7.504237499839082e-05
2	6	2	100	1.0 	 6.0501981250275365e-05 	 0.0009206413756261771 	 2 	 0.00016291815628358572 	 0.005457758235500127
2	6	2	1000	1.0 	 6.076617770120344e-06 	 9.221364095442089e-05 	 2 	 1.6291815634699853e-05 	 0.0005457758237624456
2	6	2	10000	1.0 	 6.079374213088244e-07 	 9.222894939110466e-06 	 2 	 1.6291815698243549e-06 	 5.4577582589115936e-05
2	7	2	100	1.0 	 0.0018639190733459729 	 0.0014322436265318504 	 2 	 2.1102249112114873e-05 	 0.0007069253452558488
2	7	2	1000	1.0 	 0.00018509064477131114 	 0.00014336940576758925 	 2 	 2.1102249112026636e-06 	 7.069253452528929e-05
2	7	2	10000	1.0 	 1.849615427908725e-05 	 1.4338392507540017e-05 	 2 	 2.1102249110843915e-07 	 7.069253452132718e-06
2	8	2	100	1.0 	 0.0003546805569643995 	 0.0022776793472753056 	 2 	 0.00018787009782145518 	 0.006293648277018754
2	8	2	1000	1.0 	 3.553137063655877e-05 	 0.0002280055347733102 	 2 	 1.8787009782200117e-05 	 0.0006293648277037045
2	8	2	10000	1.0 	 3.5538195899233586e-06 	 2.280293220484397e-05 	 2 	 1.8787009782695575e-06 	 6.293648277203023e-05
2	9	2	100	0.3333333333333333 	 0.010216592615031083 	 0.004012384396940011 	 2 	 0.00022867967161978875 	 0.027912949148089485
2	9	2	1000	1.0 	 0.0008310789461517151 	 0.00036322806791062184 	 2 	 2.20093392816387e-05 	 0.0007373128659348971
2	9	2	10000	1.0 	 8.575557624292586e-05 	 3.701855607413909e-05 	 2 	 2.200933928191398e-06 	 7.373128659441189e-05
2	10	2	100	0.3333333333333333 	 0.006792161894957391 	 0.002126638620215697 	 2 	 0.00011150380690453236 	 0.02993493241123726
2	10	2	1000	1.0 	 0.0003681170391209141 	 0.00011232154982262932 	 2 	 4.777676468870669e-06 	 0.00016005216170716737
2	10	2	10000	1.0 	 3.7012907122234225e-05 	 1.1299744944065316e-05 	 2 	 4.77778999016694e-07 	 1.6005596467059246e-05
3	1	2	100	1.0 	 0.0008199851367232428 	 0.0029287946563545855 	 3 	 0.00024087874204992648 	 0.007828559116622625
3	1	2	1000	1.0 	 8.35380749144021e-05 	 0.0002965596164743649 	 3 	 2.4087876201577895e-05 	 0.0007828559765512833
3	1	2	10000	1.0 	 8.369680736773002e-06 	 2.96937477907425e-05 	 3 	 2.408789613981357e-06 	 7.828566245439428e-05
3	2	2	100	0.6666666666666666 	 0.0004133562473494174 	 0.0028687433338134196 	 2 	 0.0007885954267597917 	 0.02562935136969325
3	2	2	1000	0.6666666666666666 	 0.00020636430710479765 	 0.001353795830609845 	 2 	 0.0007885954267597922 	 0.025629351369693243
3	2	2	10000	0.5 	 5.471519527600113e-05 	 0.0004923758896694095 	 3 	 0.0003287026381313765 	 0.025629351369692684
3	3	2	100	1.0 	 0.0014831514983998197 	 0.010412988903902975 	 3 	 0.0002433440769937385 	 0.007908682502296524
3	3	2	1000	1.0 	 0.00014625923261991154 	 0.001047162263251936 	 3 	 2.433440769936928e-05 	 0.000790868250229504
3	3	2	10000	1.0 	 1.460577030867799e-05 	 0.00010477522104530112 	 3 	 2.4334407699384653e-06 	 7.908682502300035e-05
3	4	2	100	1.0 	 0.0012009332331077251 	 0.002808476505706457 	 3 	 9.831704542094342e-05 	 0.005468984197724722
3	4	2	1000	1.0 	 0.00012073144264551657 	 0.0002817121685409056 	 3 	 1.6827643685773486e-05 	 0.0005468984197876392
3	4	2	10000	1.0 	 1.2079670968138235e-05 	 2.8179911110849597e-05 	 3 	 1.6827643690538053e-06 	 5.4689841994248756e-05
3	5	2	100	1.0 	 0.001610777099695527 	 0.0039619341776750945 	 3 	 0.0002973349881069198 	 0.00966338711347492
3	5	2	1000	1.0 	 0.00015626694907851788 	 0.0003985442058129364 	 3 	 2.9733498810565587e-05 	 0.0009663387113433841
3	5	2	10000	1.0 	 1.558080637217116e-05 	 3.987826008453761e-05 	 3 	 2.9733498809401562e-06 	 9.66338711305553e-05
3	6	2	100	1.0 	 0.0010507605755645038 	 0.004381094802910106 	 3 	 0.00028842345434961126 	 0.009373762266362372
3	6	2	1000	1.0 	 0.00010657801744072762 	 0.0004418360872437753 	 3 	 2.8842345442699083e-05 	 0.0009373762268877206
3	6	2	10000	1.0 	 1.0674425557531664e-05 	 4.42233215274549e-05 	 3 	 2.884234552031221e-06 	 9.373762294101473e-05
3	7	2	100	0.6666666666666666 	 0.004446993772676131 	 0.008060326240432283 	 2 	 0.0019077629709212509 	 0.06200229655494065
3	7	2	1000	0.5 	 0.003785249842647173 	 0.008825325907695889 	 3 	 0.002182543122495047 	 0.3395926731614655
3	7	2	10000	1.0 	 0.0009168481184879426 	 0.0019263449443555616 	 3 	 0.00042902303773286745 	 0.013943248726337327
3	8	2	100	1.0 	 0.00021769085485013438 	 0.0009956022144886774 	 3 	 9.710945861816758e-05 	 0.0031560574050904515
3	8	2	1000	1.0 	 2.184061722209084e-05 	 9.987221238645597e-05 	 3 	 9.710945861476689e-06 	 0.00031560574049799284
3	8	2	10000	1.0 	 2.1847825449268637e-06 	 9.990356904291695e-06 	 3 	 9.710945858050371e-07 	 3.156057403866375e-05
3	9	2	100	0.6666666666666666 	 0.0113603731037857 	 0.005161774387518307 	 2 	 0.00031666444040042243 	 0.010291594313013758
3	9	2	1000	1.0 	 0.0005963076771952643 	 0.00027983173808819877 	 3 	 6.348011481113276e-06 	 0.00020631037313618202
3	9	2	10000	1.0 	 5.8926684985230597e-05 	 2.7982295203683625e-05 	 3 	 6.348011480916665e-07 	 2.0631037312979217e-05
3	10	2	100	0.6666666666666666 	 0.02012877915273953 	 0.0038475190093350663 	 2 	 0.00045777589277195223 	 0.014877716515088448
3	10	2	1000	1.0 	 0.00025445507386984 	 0.00017377517714609614 	 3 	 1.165613625221981e-06 	 3.7882442819714424e-05
3	10	2	10000	1.0 	 2.5397175914857047e-05 	 1.738021769724192e-05 	 3 	 1.1655952773702172e-07 	 3.7881846514532112e-06
5	1	2	100	1.0 	 0.005884160662981349 	 0.005289405839061712 	 5 	 0.000650916671065492 	 0.019852958467497534
5	1	2	1000	1.0 	 0.0004559499320789278 	 0.0005393459223426688 	 5 	 6.509165481332851e-05 	 0.0019852954718065224
5	1	2	10000	1.0 	 4.47350058924596e-05 	 5.404552637364283e-05 	 5 	 6.5091532017790664e-06 	 0.0001985291726542618
5	2	2	100	0.8 	 0.00497181956716181 	 0.013803592753310327 	 4 	 0.002824667053731764 	 0.08615234513881954
5	2	2	1000	0.8 	 0.0009934162099856172 	 0.0034632089024553233 	 4 	 0.0009323791212819961 	 0.02843756319910098
5	2	2	10000	0.8 	 0.0006756638856236848 	 0.0023810225907235313 	 4 	 0.0007431503347449522 	 0.022666085209721108
5	3	2	100	1.0 	 0.0014919661705542508 	 0.002450412463753526 	 5 	 7.808555850959051e-05 	 0.0023816095345425142
5	3	2	1000	1.0 	 0.0001494429004555984 	 0.0002464984433148844 	 5 	 7.8085558507735e-06 	 0.00023816095344859206
5	3	2	10000	1.0 	 1.4946850708189901e-05 	 2.466457927500002e-05 	 5 	 7.808555849126591e-07 	 2.381609533983614e-05
5	4	2	100	1.0 	 0.0033752423267568352 	 0.006218771321303762 	 5 	 0.0008140470658074112 	 0.024828436276435793
5	4	2	1000	1.0 	 0.005209105308327874 	 0.008491155242866621 	 5 	 0.0013109303437635928 	 0.039983375484800444
5	4	2	10000	1.0 	 0.00046168276766143327 	 0.0009298890045863633 	 5 	 0.00013589881027642616 	 0.00414491371343091
5	5	2	100	0.8 	 0.008581541225797552 	 0.012018789636971344 	 4 	 0.0028297304427723387 	 0.08630677850455626
5	5	2	1000	1.0 	 0.0011075326562053694 	 0.002067094242899771 	 5 	 0.0004017046341518908 	 0.012251991341632537
5	5	2	10000	1.0 	 0.0001104301926823987 	 0.00021530705133968744 	 5 	 4.0155272798989545e-05 	 0.0012247358203691706
5	6	2	100	0.5 	 0.04509895193835127 	 0.018764350603131624 	 4 	 0.0014911046896251218 	 0.07482323030579933
5	6	2	1000	0.8 	 0.0056578450315591024 	 0.0019974870713181814 	 4 	 0.000672907368467488 	 0.020523674738258432
5	6	2	10000	0.5714285714285714 	 0.0015425082921994323 	 0.00626986202846556 	 6 	 0.004800877127130049 	 0.40689180205423015
5	7	2	100	0.8 	 0.007614743596282381 	 0.019201329317590003 	 4 	 0.0012651135223957198 	 0.04065602699088604
5	7	2	1000	0.6666666666666666 	 0.004067757444199559 	 0.00580321984574314 	 5 	 0.0010376434416761364 	 0.1482139484633005
5	7	2	10000	1.0 	 0.00039353977467266227 	 0.0005144665216631263 	 5 	 7.80984652263911e-05 	 0.0023820031894052343
5	8	2	100	1.0 	 0.004995005013776478 	 0.010347410402484863 	 5 	 0.0012294922428944428 	 0.03871826706055612
5	8	2	1000	1.0 	 0.0005394628349723396 	 0.0011223471792619563 	 5 	 8.698682383528601e-05 	 0.0038718517792517637
5	8	2	10000	1.0 	 5.442097141612353e-05 	 0.00011323865062915707 	 5 	 1.2695418649723212e-05 	 0.00038721026881655894
5	9	2	100	0.8 	 0.03173005276523585 	 0.02382298774079385 	 4 	 0.001637309254795726 	 0.05638793023044362
5	9	2	1000	0.8 	 0.015870545853279093 	 0.009858399899144435 	 4 	 0.0008732194307922531 	 0.026633192639163725
5	9	2	10000	0.8 	 0.017773369150264666 	 0.013188508921415269 	 4 	 0.001171292514898897 	 0.035724421704416365
5	10	2	100	0.42857142857142855 	 0.04970495750153684 	 0.12944259842940073 	 5 	 0.0025790747526646604 	 0.2899644954863711
5	10	2	1000	0.5 	 0.03648886745072874 	 0.13743072075687843 	 4 	 0.00494825083830336 	 0.43341878328227185
5	10	2	10000	0.5 	 0.03597238195875501 	 0.13531221272449345 	 4 	 0.004828391028689989 	 0.43016265657461167
7	1	2	100	1.0 	 0.01346791291329416 	 0.017794811306078722 	 7 	 0.0015759477547309538 	 0.049390896586163094
7	1	2	1000	1.0 	 0.0014676247528918108 	 0.0023221749289203428 	 7 	 0.00021241981101057336 	 0.006053964613801332
7	1	2	10000	1.0 	 0.0001444283187882176 	 0.00023268941079933306 	 7 	 2.1241998820815867e-05 	 0.0006053969663932512
7	2	2	100	0.7142857142857143 	 0.007985130336784978 	 0.0179593208184376 	 5 	 0.003503479817231976 	 0.10695114586734711
7	2	2	1000	0.625 	 0.0002725016160069722 	 0.0018332411492980106 	 6 	 0.0006378927752572729 	 0.19230774365023404
7	2	2	10000	0.625 	 0.00010970771732087037 	 0.0013873380005236847 	 6 	 0.0006135869695893284 	 0.19204486867214457
7	4	2	100	0.75 	 0.019724309400322285 	 0.019647211075386063 	 7 	 0.005121535875247471 	 0.26686401453955144
7	4	2	1000	0.8571428571428571 	 0.023885247198030167 	 0.0196124971998263 	 6 	 0.004910389073218368 	 0.260436679716765
7	4	2	10000	0.75 	 0.0020756194274205455 	 0.005856335452809587 	 7 	 0.004548882241652422 	 0.19970338843101385
7	5	2	100	0.5 	 0.01837908208663395 	 0.019670952650524598 	 5 	 0.005459713725513723 	 0.3879346043986725
7	5	2	1000	0.5 	 0.009197234813001347 	 0.012321552603761148 	 8 	 0.0038413790276549966 	 0.36583688734723485
7	5	2	10000	1.0 	 0.0006217297606179431 	 0.0010034494923859578 	 7 	 0.0003026023925961415 	 0.008624168188989957
7	6	2	100	0.5 	 0.010330229704871763 	 0.027146927255391175 	 5 	 0.0025694660826066076 	 0.1785689986853694
7	6	2	1000	0.4444444444444444 	 0.00765496885052387 	 0.019019590640161368 	 6 	 0.0009217447844489127 	 0.15743684426368867
7	6	2	10000	0.5555555555555556 	 0.001866547167442514 	 0.016762093903470828 	 7 	 0.002922268837746421 	 0.13511172713340874
7	7	2	100	0.5 	 0.009522975132997463 	 0.016571360155114234 	 5 	 0.005638839929290421 	 0.2609736790330546
7	7	2	1000	0.8571428571428571 	 0.006239939809069212 	 0.0062752175258844085 	 6 	 0.0011186706977146653 	 0.04512459741934637
7	7	2	10000	0.75 	 0.008162308451935243 	 0.011041108621621049 	 7 	 0.002182388670810974 	 0.1794537766160587
7	8	2	100	0.6666666666666666 	 0.08792728705390018 	 0.019643728614239075 	 8 	 0.0031331523102779073 	 0.09220521131474234
7	8	2	1000	0.8571428571428571 	 0.0012988994376028806 	 0.0023146698080557665 	 6 	 0.00035796042548454977 	 0.0102018721263097
7	8	2	10000	0.8571428571428571 	 0.0003480484581374212 	 0.0006709203394999969 	 6 	 0.00015987760829830496 	 0.004556511836501702
7	9	2	100	0.625 	 0.01753349826471078 	 0.017202621565196512 	 6 	 0.001405656052067319 	 0.1538328363475282
7	9	2	1000	0.625 	 0.012878192172795254 	 0.007240519979536618 	 6 	 0.0004066378292459254 	 0.12536081699711812
7	9	2	10000	0.625 	 0.0130310888342414 	 0.006804743861806108 	 6 	 0.0003378280899989543 	 0.1233997394285794
7	10	2	100	0.5 	 0.03607602192246511 	 0.11073396771383374 	 5 	 0.004896334544260144 	 0.41910633871292086
7	10	2	1000	0.5 	 0.03439127273754852 	 0.10233489280352083 	 5 	 0.0044144163375967604 	 0.4002971372905957
7	10	2	10000	0.5 	 0.03441767960994849 	 0.10178716006263985 	 5 	 0.004376333147841432 	 0.39870432058416766
