4	3	1	uniform	0.25 	 0.009847207607409958 	 0.3228849746512314 	 2 	 0.0021725693490859386 	 0.8294533060967538
4	3	1	exp	0.25 	 0.009742357763881326 	 0.3254188718000707 	 2 	 0.001979617829199751 	 0.8426203825786198
4	3	3	uniform	0.6666666666666666 	 0.0035881681340832507 	 0.12339575497086173 	 2 	 0.0028225351112171767 	 0.18769858489594177
4	3	3	exp	0.6666666666666666 	 0.004801135549757234 	 0.1511815709615643 	 2 	 0.0023918920991615857 	 0.18971388145881027
4	3	4	uniform	0.0 	 0.007806341053432562 	 0.34754970130948964 	 2 	 0.0031125162141958543 	 1.0
4	3	4	exp	0.0 	 0.007799971619107344 	 0.33936512411570274 	 2 	 0.002299926035132539 	 1.0
4	3	5	uniform	0.0 	 0.015972885265602303 	 0.3905673267321818 	 2 	 0.002026531158075428 	 1.0
4	3	5	exp	0.0 	 0.015251816349734725 	 0.3578815254211444 	 2 	 0.0024692286619716914 	 1.0
4	5	1	uniform	0.3333333333333333 	 0.018720472360902594 	 0.24856421533949763 	 3 	 0.0029359732208636587 	 0.43299823069701626
4	5	1	exp	0.3333333333333333 	 0.018641214501437384 	 0.23539495545511058 	 3 	 0.0024486702462492823 	 0.4029386777860455
4	5	3	uniform	0.14285714285714285 	 0.04443007741488375 	 0.5416287980213688 	 3 	 0.005073758360064571 	 0.8135179996905157
4	5	3	exp	0.0 	 0.0451087873272177 	 0.5864624329417334 	 3 	 0.0036524323083843005 	 1.0
4	5	4	uniform	0.0 	 0.029222037292945507 	 0.4235681295078017 	 2 	 0.0072312589667979914 	 1.0
4	5	4	exp	0.0 	 0.026869244630992516 	 0.38113729453835626 	 2 	 0.004188750416589969 	 1.0
4	5	5	uniform	0.0 	 0.020307802097343095 	 0.5481601831632386 	 2 	 0.0062467556586809775 	 1.0
4	5	5	exp	0.0 	 0.02949965690471111 	 0.6164661640374336 	 2 	 0.0046747888167396265 	 1.0
4	10	1	uniform	0.18181818181818182 	 0.03493108794030712 	 0.3806534635408914 	 3 	 0.006639090921829766 	 0.7916521313447866
4	10	1	exp	0.18181818181818182 	 0.035660700240693635 	 0.3783221841396515 	 3 	 0.005200421443446142 	 0.8059881897025074
4	10	2	uniform	0.14285714285714285 	 0.17536590188355247 	 0.5365092576072017 	 6 	 0.012519704925354983 	 0.8508968958582616
4	10	2	exp	0.14285714285714285 	 0.16606919795685252 	 0.5408061574469553 	 6 	 0.009403684068163394 	 0.8680943342854626
4	10	3	uniform	0.18181818181818182 	 0.04507976109439916 	 0.4966294812594858 	 3 	 0.007281091877106068 	 0.7944687122526807
4	10	3	exp	0.16666666666666666 	 0.06361889964618778 	 0.5752018081207485 	 4 	 0.005163267778275474 	 0.8392007467633245
4	10	4	uniform	0.0 	 0.06307420454625476 	 0.43811659563680694 	 2 	 0.011145401136761207 	 1.0
4	10	4	exp	0.0 	 0.055106788679150184 	 0.42632009679546995 	 2 	 0.007435174909501979 	 1.0
4	10	5	uniform	0.07692307692307693 	 0.07082890597727393 	 0.49476047555756203 	 4 	 0.006131389772806881 	 0.8797450623051293
4	10	5	exp	0.07692307692307693 	 0.07006884598246307 	 0.5097411369054992 	 4 	 0.004189710073292909 	 0.8993098309494307
7	3	1	uniform	0.6666666666666666 	 0.016614238813734198 	 0.32676415664537056 	 2 	 0.004012863385958731 	 0.354641661960464
7	3	1	exp	0.6666666666666666 	 0.01674721535445421 	 0.3255101050892851 	 2 	 0.0037030498216795355 	 0.351893617712119
7	3	2	uniform	0.0 	 0.03951426008096705 	 0.34106763575042115 	 3 	 0.006511018835034721 	 1.0
7	3	2	exp	0.0 	 0.039358457989641875 	 0.33893342063517506 	 3 	 0.006633015715924669 	 1.0
7	3	3	uniform	0.6666666666666666 	 0.0035732223913331963 	 0.08082043834458497 	 2 	 0.004522857467372095 	 0.18769858489594177
7	3	3	exp	0.6666666666666666 	 0.0035715705807486697 	 0.05429101653043891 	 2 	 0.003486975228898206 	 0.14470947199927553
7	3	4	uniform	0.25 	 0.023277744948795573 	 0.384956902749605 	 2 	 0.005919817899953004 	 0.6088840752132908
7	3	4	exp	0.25 	 0.02213810112255484 	 0.32877309330470433 	 2 	 0.004349163081322152 	 0.5387089098455992
7	3	5	uniform	0.25 	 0.02806773688213893 	 0.39978344937892796 	 2 	 0.005955507179217523 	 0.923189341348876
7	3	5	exp	0.25 	 0.012721756288289513 	 0.2713868376297479 	 2 	 0.005917428822869334 	 0.908411741136901
7	5	1	uniform	0.4 	 0.02646163663950042 	 0.4101019578248055 	 2 	 0.009642602404564198 	 0.8213816803700088
7	5	1	exp	0.4 	 0.027885016600167598 	 0.404544978481225 	 2 	 0.008730851487858073 	 0.8489830427482917
7	5	2	uniform	0.14285714285714285 	 0.04414058743919649 	 0.36629610780948013 	 3 	 0.005984243323064381 	 0.7665072467617733
7	5	2	exp	0.14285714285714285 	 0.043499646507486604 	 0.3638804264028112 	 3 	 0.005615224132801514 	 0.7721608262516453
7	5	3	uniform	0.3333333333333333 	 0.026433562031697996 	 0.2550089445582288 	 3 	 0.007201007347421497 	 0.587295131218449
7	5	3	exp	0.2857142857142857 	 0.044563116591251534 	 0.3237860279559356 	 4 	 0.003646566504327796 	 0.6344528877793174
7	5	4	uniform	0.16666666666666666 	 0.02465079799319327 	 0.44952889827047093 	 2 	 0.012110180679336412 	 0.7505612159361499
7	5	4	exp	0.16666666666666666 	 0.0236423447154034 	 0.37616031612437073 	 2 	 0.007620497745844392 	 0.6489528540923619
7	5	5	uniform	0.1111111111111111 	 0.0701499908471252 	 0.5017339292764191 	 5 	 0.001703630454237732 	 0.9201859982142414
7	5	5	exp	0.0 	 0.04525817189652169 	 0.4356464616511115 	 3 	 0.0042442462548643615 	 1.0
7	10	1	uniform	0.15384615384615385 	 0.08363482124668266 	 0.28514117652453413 	 5 	 0.007949136978098594 	 0.7370018181778983
7	10	1	exp	0.18181818181818182 	 0.05841063123994074 	 0.29561498057301067 	 3 	 0.010044649637341186 	 0.7537590348402268
7	10	2	uniform	0.15384615384615385 	 0.06981307500077778 	 0.47255134368701257 	 5 	 0.009932082909454552 	 0.9357373991407547
7	10	2	exp	0.15384615384615385 	 0.06808620566438847 	 0.46944381185966355 	 5 	 0.008662612334710511 	 0.9465551089453648
7	10	3	uniform	0.16666666666666666 	 0.10497557910978651 	 0.4078612313695949 	 4 	 0.010817646695235822 	 0.7392578951929076
7	10	3	exp	0.25 	 0.10591475145751568 	 0.3667613386112548 	 5 	 0.005485024891655291 	 0.5606676737170175
7	10	4	uniform	0.18181818181818182 	 0.09447944141575035 	 0.4918016971434247 	 3 	 0.01485121555697262 	 0.7373049511246946
7	10	4	exp	0.2727272727272727 	 0.06434855665222979 	 0.36503412018034076 	 4 	 0.006551645205145899 	 0.5088789452488174
7	10	5	uniform	0.07692307692307693 	 0.08461008938056534 	 0.4040827419733494 	 4 	 0.011232978260475923 	 0.8494399255204135
7	10	5	exp	0.16666666666666666 	 0.07296599561311913 	 0.39403498915386725 	 4 	 0.007124931345269344 	 0.7447725264809615
15	3	1	uniform	0.0 	 0.009923053673637054 	 0.2537625811056988 	 2 	 0.0018949632655916372 	 1.0
15	3	1	exp	0.0 	 0.009985464191470382 	 0.2447755621729554 	 2 	 0.0017486624157931245 	 1.0
15	3	2	uniform	0.14285714285714285 	 0.3454744580701505 	 0.8177951872855584 	 5 	 0.025184495339709595 	 0.903001091159489
15	3	2	exp	0.14285714285714285 	 0.34560403503645665 	 0.8183794622146994 	 5 	 0.025995569797683544 	 0.9016153288776773
15	3	3	uniform	0.6666666666666666 	 0.0035634393748906284 	 0.08911489261528664 	 2 	 0.002801471416357327 	 0.18769858489594177
15	3	3	exp	0.6666666666666666 	 0.004782243802064909 	 0.11129885575413702 	 2 	 0.0023722864262176336 	 0.18976184217109587
15	3	4	uniform	0.0 	 0.006470846422801261 	 0.2850300545841692 	 2 	 0.0022921024025846534 	 1.0
15	3	4	exp	0.0 	 0.0065380562900144825 	 0.27737479362212797 	 2 	 0.0012831304020786722 	 1.0
15	3	5	uniform	0.25 	 0.005113135997385328 	 0.30077439335274236 	 2 	 0.0031402278061478557 	 0.8409173040910789
15	3	5	exp	0.25 	 0.00882330821194072 	 0.33741049489313496 	 2 	 0.0036784352488433824 	 0.908411741136901
15	5	1	uniform	0.0 	 0.018706860385790954 	 0.4380438116500634 	 2 	 0.004544178518604459 	 1.0
15	5	1	exp	0.0 	 0.01888060823258468 	 0.44381493931662436 	 2 	 0.004276109704285188 	 1.0
15	5	2	uniform	0.18181818181818182 	 0.3183110667916053 	 0.5452327370170359 	 8 	 0.011147717813471377 	 0.7439079431380593
15	5	2	exp	0.2 	 0.2702896393564452 	 0.5589797228755067 	 7 	 0.01009912116435544 	 0.7086869856911601
15	5	3	uniform	0.16666666666666666 	 0.02071293808114818 	 0.36555388103707565 	 2 	 0.005947040581785159 	 0.8135179996905157
15	5	3	exp	0.16666666666666666 	 0.021044263033959856 	 0.3915859958918234 	 2 	 0.004593720666767652 	 0.8497129829180969
15	5	4	uniform	0.16666666666666666 	 0.01201921103285664 	 0.25308681551802875 	 2 	 0.005776695381522546 	 0.8166899359850267
15	5	4	exp	0.16666666666666666 	 0.011686788337981282 	 0.25381147948188626 	 2 	 0.0035533781623881128 	 0.8776681071351695
15	5	5	uniform	0.0 	 0.024758072340629326 	 0.38943756183139777 	 2 	 0.003529830921875817 	 1.0
15	5	5	exp	0.16666666666666666 	 0.02361471899068984 	 0.3031439886825623 	 2 	 0.0021488884637041183 	 0.5604662493747253
15	10	1	exp	0.18181818181818182 	 0.04335211352281323 	 0.2525036288713583 	 3 	 0.006279180076251526 	 0.5341330894160345
15	10	3	uniform	0.09090909090909091 	 0.03280585231680167 	 0.38577624311622294 	 2 	 0.008122062743016259 	 0.9057095952630445
15	10	3	exp	0.09090909090909091 	 0.03505551869172236 	 0.42497560949395835 	 2 	 0.006184029952872768 	 0.9323461191323508
15	10	4	uniform	0.09090909090909091 	 0.04288960137160897 	 0.28736836751508094 	 2 	 0.008725675889964375 	 0.8764546546396967
15	10	4	exp	0.09090909090909091 	 0.03772001325944772 	 0.2603568894829841 	 2 	 0.0062258392314504625 	 0.8050456444797716
15	10	5	uniform	0.0 	 0.044625306681167036 	 0.4025156894230103 	 2 	 0.007283773014118011 	 1.0
15	10	5	exp	0.0 	 0.045447086701650506 	 0.3690066762765358 	 2 	 0.005922844455418043 	 1.0
17	3	1	uniform	0.0 	 0.39164509213213616 	 0.725060883868071 	 11 	 0.014338684700704329 	 1.0
17	3	1	exp	0.0 	 0.39050593627474617 	 0.7279717923866176 	 11 	 0.01443697751336953 	 1.0
17	3	2	uniform	0.15384615384615385 	 0.3934320412997453 	 0.6010528027726693 	 12 	 0.016253529264002163 	 0.6360665883870027
17	3	2	exp	0.25 	 0.012891644784618397 	 0.49229272259356766 	 2 	 0.00731673152710462 	 0.7723761204784985
17	3	3	uniform	0.1111111111111111 	 0.1729151944792374 	 0.7666323005447362 	 7 	 0.011560020667979355 	 0.9050579885263448
17	3	3	exp	0.1 	 0.216280388725845 	 0.7824016763100837 	 8 	 0.012890054433560548 	 0.9031718917321507
17	3	4	uniform	0.25 	 0.24561021761917867 	 0.6448238195249593 	 7 	 0.009999394109875057 	 0.76268104119748
17	3	4	exp	0.2222222222222222 	 0.2466853271713078 	 0.7009118123890004 	 8 	 0.016046172174803815 	 0.7567539669130727
17	3	5	uniform	0.08333333333333333 	 0.30347749876898616 	 0.537476537605676 	 10 	 0.011420119111760236 	 0.5942287349025616
17	3	5	exp	0.25 	 0.015353000873276222 	 0.4808441677092667 	 2 	 0.008595594372382933 	 0.908411741136901
17	5	1	uniform	0.16666666666666666 	 0.32976785161526956 	 0.5653390160647724 	 9 	 0.009451044645866512 	 0.6540766821240855
17	5	1	exp	0.16666666666666666 	 0.3302004728535004 	 0.5751987397459014 	 9 	 0.010097226322173724 	 0.6533772362807038
17	5	2	uniform	0.14285714285714285 	 0.06440809464947421 	 0.5531004923045434 	 3 	 0.018985596389990006 	 0.7056337019513028
17	5	2	exp	0.14285714285714285 	 0.06443214356500318 	 0.5504964074030956 	 3 	 0.01801565567872423 	 0.6826208314803361
17	5	3	uniform	0.15384615384615385 	 0.31567729018302304 	 0.5408282242742812 	 10 	 0.008146263790123554 	 0.738785070691005
17	5	3	exp	0.14285714285714285 	 0.37124010612446 	 0.5653429814078218 	 11 	 0.008547109823746358 	 0.7781949639949963
17	5	4	uniform	0.4 	 0.2688624483673016 	 0.6035739140508714 	 9 	 0.008867400313772134 	 0.5889667167244041
17	5	4	exp	0.4 	 0.25575476442931555 	 0.6475715125898738 	 9 	 0.008780167111740001 	 0.6486573286588114
17	5	5	uniform	0.14285714285714285 	 0.33016071209363806 	 0.5495958066247913 	 11 	 0.012758100025838649 	 0.8265629382707179
17	5	5	exp	0.15384615384615385 	 0.31707447400846 	 0.5209271912449235 	 10 	 0.009499508268811296 	 0.650599972422116
17	10	1	uniform	0.25 	 0.38021073136275496 	 0.5633641030149009 	 10 	 0.007550353291195458 	 0.6239638701220437
17	10	1	exp	0.25 	 0.38449746313632754 	 0.51316666802327 	 10 	 0.005055275185479896 	 0.5310169363632982
17	10	3	uniform	0.25 	 0.37920873706507907 	 0.5561660053998383 	 10 	 0.005682743926804699 	 0.6217396281819616
17	10	3	exp	0.25 	 0.37553055735108753 	 0.5779419572423278 	 10 	 0.006841628291621327 	 0.6387881338828996
17	10	4	uniform	0.3333333333333333 	 0.3737438840113106 	 0.5670422099153618 	 10 	 0.004879399057361632 	 0.6283586276904625
17	10	4	exp	0.3125 	 0.43443783224958127 	 0.6486442910119564 	 11 	 0.01030681703691176 	 0.7396332619961346
17	10	5	uniform	0.375 	 0.4521642419955103 	 0.6123823843588313 	 12 	 0.006559916616347226 	 0.5427357883346431
17	10	5	exp	0.21428571428571427 	 0.22474441808318335 	 0.43932380866002324 	 7 	 0.0074096532733001425 	 0.611380534798369
1322	3	1	uniform	0.09090909090909091 	 0.20429970412090484 	 0.45301970485534976 	 9 	 0.022275706660576728 	 0.8672418961200956
1322	3	1	exp	0.09090909090909091 	 0.20590613381111306 	 0.4514201236224512 	 9 	 0.0221181030130289 	 0.8691265049687262
1322	3	2	uniform	0.09090909090909091 	 0.29036850050155333 	 0.520294796700162 	 9 	 0.01875127009259121 	 0.8140791814064532
1322	3	2	exp	0.09090909090909091 	 0.2907980076951053 	 0.5114274767818332 	 9 	 0.01856764034179444 	 0.8176480932198599
1322	3	3	uniform	0.125 	 0.14212681217684364 	 0.45083508323312516 	 6 	 0.01014857739967058 	 0.7409445168951966
1322	3	3	exp	0.125 	 0.14246957436648305 	 0.45489012875753665 	 6 	 0.011053768352648617 	 0.75221187392494
1322	3	4	uniform	0.25 	 0.18394207226940376 	 0.49710799147639867 	 7 	 0.01294559798562262 	 0.615692704759468
1322	3	4	exp	0.1111111111111111 	 0.21792089332209907 	 0.5195058983391355 	 7 	 0.01200075510029898 	 0.6981506009849346
1322	3	5	uniform	0.1111111111111111 	 0.2580294203903105 	 0.5831354242683607 	 7 	 0.011447186752109753 	 0.8553873815110524
1322	3	5	exp	0.125 	 0.24129112382666545 	 0.4757898251565316 	 6 	 0.019082932862839977 	 0.603805192224125
1322	5	1	uniform	0.16666666666666666 	 0.2502515728744799 	 0.49669683309256646 	 9 	 0.011580253137521633 	 0.7045092523771953
1322	5	1	exp	0.16666666666666666 	 0.24963883127729836 	 0.49368464852574057 	 9 	 0.013397040717298764 	 0.6930561901703437
1322	5	2	uniform	0.1111111111111111 	 0.12784724830264688 	 0.4178393912553164 	 5 	 0.010348466274400602 	 0.8107757238933483
1322	5	2	exp	0.1111111111111111 	 0.1257427925397368 	 0.4203231295894805 	 5 	 0.009350925676983986 	 0.8108889171250437
1322	5	3	uniform	0.1111111111111111 	 0.06652385716865164 	 0.3915039979013427 	 5 	 0.0029485553136611156 	 0.8521618444945072
1322	5	3	exp	0.1111111111111111 	 0.06988951851093167 	 0.4043091623619342 	 5 	 0.003011987322079926 	 0.8665544953434778
1322	5	4	uniform	0.16666666666666666 	 0.29899469301523607 	 0.5507945586761499 	 9 	 0.009327160353354862 	 0.7469082782381352
1322	5	4	exp	0.08333333333333333 	 0.27357638383202254 	 0.5380618142643793 	 8 	 0.005470591581137709 	 0.7372339808025202
1322	5	5	uniform	0.08333333333333333 	 0.2864165393013403 	 0.5816290064329253 	 8 	 0.008843707259717422 	 0.8266877347499619
1322	5	5	exp	0.15384615384615385 	 0.3750767135703111 	 0.5804677139578526 	 10 	 0.01270078799303711 	 0.752338975479618
1322	10	1	uniform	0.15384615384615385 	 0.19260684459227598 	 0.49573303344100356 	 5 	 0.027895437804421375 	 0.9009133421297946
1322	10	1	exp	0.15384615384615385 	 0.20371708643018957 	 0.4935578266021323 	 5 	 0.023044091231072532 	 0.920579332772687
1322	10	2	uniform	0.2 	 0.2691574344360887 	 0.4524369364978215 	 8 	 0.006521280932186147 	 0.5889372595257912
1322	10	2	exp	0.21428571428571427 	 0.26415558627841923 	 0.4630618581433051 	 7 	 0.011553871447970859 	 0.5798939615871176
1322	10	3	uniform	0.0 	 0.10145108995940484 	 0.4527097826239545 	 3 	 0.029199203833025246 	 1.0
1322	10	4	uniform	0.06666666666666667 	 0.21661662617078845 	 0.5484814843378216 	 6 	 0.011474172205166857 	 0.8328632312484481
1322	10	4	exp	0.125 	 0.2905030557370488 	 0.6225782555203131 	 8 	 0.005141013668097378 	 0.8689956652285129
1322	10	5	uniform	0.38461538461538464 	 0.34384129289777476 	 0.5144637114218609 	 9 	 0.011967189686616309 	 0.5230641211922052
1322	10	5	exp	0.26666666666666666 	 0.3438203330098676 	 0.5864335932279208 	 10 	 0.010200048908122683 	 0.7736513724207749
