2	1	0	0	1.0 	 1.9840101544222297e-13 	 3.5159085594281667e-12 	 2 	 8.346456533135797e-16 	 1.9906298831529057e-13
2	2	0	0	1.0 	 0.00027037695385893055 	 0.011660537114248427 	 2 	 0.001183599082142613 	 0.2822883810910157
2	3	0	0	1.0 	 2.1335671931454342e-18 	 7.640126540448116e-17 	 2 	 1.1637557910116531e-19 	 2.7755575615628914e-17
2	4	0	0	1.0 	 4.003491345487857e-18 	 7.644371431657808e-17 	 2 	 1.1637557910116531e-19 	 2.7755575615628914e-17
2	5	0	0	1.0 	 3.760785028927019e-18 	 1.011959029905716e-16 	 2 	 3.4912673730350827e-19 	 8.326672684688674e-17
2	6	0	0	1.0 	 1.3400081437925476e-16 	 3.934167440954634e-15 	 2 	 3.491267373035046e-18 	 8.326672684688674e-16
2	7	0	0	1.0 	 1.930861306059465e-17 	 1.6062660128973446e-16 	 2 	 1.4546947387645664e-19 	 3.469446951953614e-17
2	8	0	0	1.0 	 4.064712136227693e-17 	 9.5100209021838e-16 	 2 	 9.310046328093472e-19 	 2.220446049250313e-16
2	9	0	0	1.0 	 4.732270272215565e-16 	 2.343970989297472e-15 	 2 	 3.1857814778944868e-18 	 7.598088824778415e-16
2	10	0	0	1.0 	 3.9080808449844916e-17 	 1.7407313454176726e-16 	 2 	 5.164166322614334e-19 	 1.231653667943533e-16
3	1	0	0	1.0 	 2.116190353465892e-13 	 5.1017317899342865e-12 	 3 	 1.3014151160237528e-15 	 3.0908609005564353e-13
3	2	0	0	1.0 	 0.0002717905728317899 	 0.0044166562802769975 	 3 	 0.0005437511353217886 	 0.12914089463892575
3	3	0	0	1.0 	 2.095091687077939e-15 	 2.7386561558309794e-14 	 3 	 6.673024705904838e-17 	 1.584843367652411e-14
3	4	0	0	1.0 	 1.8997906128010612e-11 	 2.5235012396416815e-10 	 3 	 1.5684184944949315e-13 	 3.7249939244254904e-11
3	5	0	0	1.0 	 1.8385558584770646e-15 	 1.0383799716074738e-14 	 3 	 1.5192525600133608e-17 	 3.608224830031759e-15
3	6	0	0	1.0 	 2.2851860337769238e-14 	 4.651908616869835e-13 	 3 	 1.494009594400831e-15 	 3.5482727867020003e-13
3	7	0	0	1.0 	 2.4251617803154187e-17 	 1.475861186658238e-16 	 3 	 2.0451476769410626e-19 	 4.85722573273506e-17
3	8	0	0	1.0 	 2.484524405304864e-16 	 5.053053788202646e-15 	 3 	 1.1102230246251483e-17 	 2.6367796834847468e-15
3	9	0	0	1.0 	 8.166246679028585e-16 	 1.7017576689679977e-15 	 3 	 2.618519436369182e-18 	 6.218983661376853e-16
3	10	0	0	1.0 	 1.965779659578716e-16 	 2.367887897774688e-16 	 3 	 5.952840559667736e-19 	 1.4137996329210978e-16
5	1	0	0	1.0 	 1.983331824948625e-13 	 5.107937478979836e-13 	 5 	 1.4175379435965039e-16 	 3.3383018571697676e-14
5	2	0	0	1.0 	 0.00027214912833292096 	 0.00272592322445251 	 5 	 0.00029624550277798726 	 0.06976581590843384
5	3	0	0	1.0 	 2.1608733449038288e-13 	 1.6877013235161359e-12 	 5 	 1.4485346161523868e-15 	 3.4112990210388716e-13
5	4	0	0	1.0 	 2.0418837864560054e-11 	 1.7007491330027835e-10 	 5 	 1.3204930190114214e-13 	 3.109761059771899e-11
5	5	0	0	1.0 	 2.5568408465525522e-15 	 9.869460270437358e-15 	 5 	 1.7826033171396485e-17 	 4.198030811863873e-15
5	6	0	0	1.0 	 2.6386862145899164e-14 	 4.603163289942871e-13 	 5 	 1.4582579069731483e-15 	 3.4341973709217655e-13
5	7	0	0	1.0 	 1.7645154869333184e-16 	 8.242861014660873e-16 	 5 	 5.524597057250977e-19 	 1.3010426069826056e-16
5	8	0	0	1.0 	 1.594832862401068e-13 	 1.0127814912380656e-12 	 5 	 1.6504844200478438e-15 	 3.886890809212673e-13
5	9	0	0	1.0 	 2.2997281407004564e-15 	 6.291926085201186e-15 	 5 	 8.301627844695802e-18 	 1.955033357425862e-15
5	10	0	0	1.0 	 3.021027015299455e-05 	 0.00048422877181666495 	 5 	 1.3851024814336854e-05 	 0.0032619163437768487
7	1	0	0	1.0 	 4.220123825573213e-13 	 1.6401996282950136e-12 	 7 	 8.41748750169234e-15 	 1.965483331645146e-12
7	2	0	0	1.0 	 0.000272666482424074 	 0.0020775513276832113 	 7 	 0.00023319821804371402 	 0.05445178391702596
7	3	0	0	1.0 	 2.522726710224054e-13 	 1.5911926207108966e-12 	 7 	 2.954408666319481e-15 	 6.898544235856008e-13
7	4	0	0	1.0 	 2.4566017622962547e-11 	 1.6473109806111573e-10 	 7 	 3.541790789987723e-13 	 8.270081494621273e-11
7	5	0	0	1.0 	 1.2037519495205958e-11 	 1.92421101921871e-10 	 7 	 2.326101213858064e-12 	 5.431446334358547e-10
7	6	0	0	1.0 	 2.6733327208029475e-14 	 2.8325804719491284e-13 	 7 	 9.8762970797064e-16 	 2.3061153681114277e-13
7	7	0	0	1.0 	 3.37113369670012e-14 	 2.3680999118817057e-13 	 7 	 6.457405987512873e-16 	 1.507804298084281e-13
7	8	0	0	1.0 	 3.127441808240422e-13 	 1.526084675698667e-12 	 7 	 3.845852229350211e-15 	 8.980064955532718e-13
7	9	0	0	1.0 	 2.3815611427313187e-15 	 7.241339299325606e-15 	 7 	 2.793944887485948e-17 	 6.523861312279777e-15
7	10	0	0	1.0 	 3.072571947787399e-05 	 0.0004281475919039883 	 7 	 1.2264941654286828e-05 	 0.0028638638762765625
10	1	0	0	1.0 	 1.0918538582304833e-12 	 6.138484558144853e-12 	 10 	 1.2692511652149862e-13 	 2.925623935820521e-11
10	2	0	0	1.0 	 0.0002733344152315463 	 0.0014273930493343468 	 10 	 0.0001584165304778942 	 0.0365150103252729
10	3	0	0	1.0 	 8.924878760623723e-13 	 4.151603034219279e-12 	 10 	 2.6322415565605654e-14 	 6.067316787872201e-12
10	4	0	0	0.9 	 0.00016569144212102413 	 2.8366463754863087e-05 	 9 	 4.672464371132254e-06 	 0.0010771579440147791
10	5	0	0	1.0 	 1.250278427672341e-11 	 1.6616071008240162e-10 	 10 	 1.8938440837249374e-12 	 4.365310612985951e-10
10	6	0	0	1.0 	 4.5454523480607705e-14 	 2.3599209938194173e-13 	 10 	 9.94143307083004e-16 	 2.291500322826323e-13
10	7	0	0	1.0 	 5.30183506035191e-12 	 1.6474672644975072e-11 	 10 	 1.0796679214077532e-13 	 2.488634558844849e-11
10	8	0	0	0.8 	 0.01558778143656332 	 0.017817614132719505 	 8 	 0.00035457028306832303 	 0.12182742513530626
10	9	0	0	1.0 	 3.252761749660133e-14 	 1.2715417782185268e-13 	 10 	 2.281819888498003e-16 	 5.259594842987881e-14
10	10	0	0	1.0 	 0.0001774417814938348 	 0.0018096057131694744 	 10 	 5.6488139040739634e-05 	 0.013074932912650924
2	1	1	100	0.3333333333333333 	 9.244907906137864e-05 	 0.002582529581941148 	 2 	 5.01570095432082e-06 	 0.22787873130223235
2	1	1	1000	1.0 	 6.3931021965824975e-06 	 0.00023258254574734315 	 2 	 5.156046598229293e-07 	 0.00012297171136776974
2	1	1	10000	1.0 	 6.395011072836466e-07 	 2.326085701483934e-05 	 2 	 5.156046552244647e-08 	 1.2297171027103593e-05
2	2	1	100	0.3333333333333333 	 0.02355090716725425 	 0.017927986970722194 	 2 	 0.0018838342436577826 	 0.5486601092609008
2	2	1	1000	0.3333333333333333 	 0.00013886563794496298 	 0.018921048192775396 	 2 	 0.001567579558303721 	 0.4513398907390992
2	2	1	10000	1.0 	 0.00014191559494729038 	 0.008497410458243966 	 2 	 0.000293140400784678 	 0.16723420410894796
2	3	1	100	1.0 	 0.0001974518787191146 	 0.006020803375142908 	 2 	 1.6745598541221377e-05 	 0.003993825252081334
2	3	1	1000	1.0 	 1.9542351273044432e-05 	 0.0006036490702350611 	 2 	 1.6745598541216605e-06 	 0.0003993825252080197
2	3	1	10000	1.0 	 1.952240998975827e-06 	 6.0380663974735e-05 	 2 	 1.674559854122708e-07 	 3.9938252520826945e-05
2	4	1	100	1.0 	 0.00018184119808210128 	 0.004353691993416126 	 2 	 4.897533253897008e-06 	 0.001168061681054447
2	4	1	1000	1.0 	 1.820090573447814e-05 	 0.000436846450034937 	 2 	 4.897533253897532e-07 	 0.00011680616810545719
2	4	1	10000	1.0 	 1.820260433552798e-06 	 4.369947967117827e-05 	 2 	 4.897533253863201e-08 	 1.168061681046384e-05
2	5	1	100	0.6666666666666666 	 0.0018409345522768365 	 0.04441103938333389 	 3 	 0.0001821515109796293 	 0.04344313536864085
2	5	1	1000	1.0 	 1.1880778488806405e-05 	 0.00045481387551920654 	 2 	 1.0122678909497844e-06 	 0.00024142589199152575
2	5	1	10000	1.0 	 1.1876588921011586e-06 	 4.548757776417974e-05 	 2 	 1.0122678909538574e-07 	 2.414258919924972e-05
2	6	1	100	0.6666666666666666 	 0.0295782916951864 	 0.009147458066162987 	 3 	 1.7514568996225254e-05 	 0.004177224705599655
2	6	1	1000	1.0 	 5.742524018167008e-06 	 0.00011768078009422415 	 2 	 5.0422305896152e-09 	 1.2025719956232363e-06
2	6	1	10000	1.0 	 5.742531632091014e-07 	 1.1767450048340674e-05 	 2 	 5.042230570878731e-10 	 1.2025719911545885e-07
2	7	1	100	1.0 	 0.00010856407170518775 	 0.0025025891106604465 	 2 	 4.5259916581343635e-06 	 0.0010794490104650558
2	7	1	1000	1.0 	 1.0877874052567185e-05 	 0.00025060783994366705 	 2 	 4.5259916581370406e-07 	 0.00010794490104656941
2	7	1	10000	1.0 	 1.0880025485646666e-06 	 2.506428274812464e-05 	 2 	 4.525991658149842e-08 	 1.0794490104687473e-05
2	8	1	100	1.0 	 6.268146279817538e-05 	 0.0011090688054357413 	 2 	 4.919402015384171e-07 	 0.00011732773806691355
2	8	1	1000	1.0 	 6.269588259946505e-06 	 0.00011085614606209662 	 2 	 4.9194020152829245e-08 	 1.1732773806449881e-05
2	8	1	10000	1.0 	 6.269732503569749e-07 	 1.1085107891212552e-05 	 2 	 4.919402014910523e-09 	 1.1732773805561703e-06
2	9	1	100	1.0 	 0.0001986194736933988 	 0.007802714086547386 	 2 	 2.0975560151845814e-05 	 0.005002671096215272
2	9	1	1000	1.0 	 1.9907537226759885e-05 	 0.0007841042192864595 	 2 	 2.097556015184023e-06 	 0.0005002671096213941
2	9	1	10000	1.0 	 1.9912284678813362e-06 	 7.844918460542813e-05 	 2 	 2.0975560151755275e-07 	 5.002671096193679e-05
2	10	1	100	1.0 	 0.00015111569336611922 	 0.007532872837253359 	 2 	 6.533072626311655e-06 	 0.0015581378213753438
2	10	1	1000	1.0 	 1.5106976442689644e-05 	 0.0007572630605146259 	 2 	 6.533072626312469e-07 	 0.0001558137821375538
2	10	1	10000	1.0 	 1.5106531750970436e-06 	 7.576629247920281e-05 	 2 	 6.53307262628803e-08 	 1.5581378213697095e-05
3	1	1	100	0.5 	 0.0001744150119184427 	 0.0034184157828315853 	 3 	 7.824809974285205e-06 	 0.12079437895538987
3	1	1	1000	1.0 	 1.3504331333374582e-05 	 0.00032609193745697997 	 3 	 7.961870803556877e-07 	 0.00018909443158447725
3	1	1	10000	1.0 	 1.3512270844749139e-06 	 3.2613989758789685e-05 	 3 	 7.961870778949661e-08 	 1.8909443100005585e-05
3	2	1	100	0.6666666666666666 	 0.0006822798315102258 	 0.014341127115719514 	 2 	 0.0016269219550766973 	 0.470377270391764
3	2	1	1000	0.5 	 0.000166771194259316 	 0.015650003465718834 	 3 	 0.0013499689564402382 	 0.38694270321704916
3	2	1	10000	1.0 	 0.00014491716679722246 	 0.006964479467421634 	 3 	 0.0002522853596337178 	 0.1433523400877233
3	3	1	100	1.0 	 0.0005233047823235617 	 0.008772199806109382 	 3 	 2.122369018302085e-05 	 0.005040626418467489
3	3	1	1000	1.0 	 5.140239034856029e-05 	 0.0008824330182220164 	 3 	 2.1223690182966215e-06 	 0.0005040626418454514
3	3	1	10000	1.0 	 5.1313096909255416e-06 	 8.829605285370563e-05 	 3 	 2.1223690182536733e-07 	 5.040626418352512e-05
3	4	1	100	1.0 	 0.0001356593446527669 	 0.005915133399730366 	 3 	 2.4744424243043736e-05 	 0.005876800757722934
3	4	1	1000	1.0 	 1.3377639388586618e-05 	 0.0005920013700761781 	 3 	 2.474442136719717e-06 	 0.0005876800074709374
3	4	1	10000	1.0 	 1.3359517586950288e-06 	 5.9204495439838905e-05 	 3 	 2.4744392608736795e-07 	 5.8767932445750334e-05
3	5	1	100	0.75 	 0.00616742255207186 	 0.03133041900799005 	 4 	 0.0001286480050453915 	 0.03169327715947946
3	5	1	1000	1.0 	 6.313755825763415e-05 	 0.0004668526525547502 	 3 	 1.0465821303004327e-06 	 0.0002485632559463547
3	5	1	10000	1.0 	 6.30556203936255e-06 	 4.669903973675273e-05 	 3 	 1.0465821309827525e-07 	 2.4856325610840557e-05
3	6	1	100	0.75 	 0.02965270386653454 	 0.009527717987003286 	 4 	 1.8470968394612327e-05 	 0.0043868549937203525
3	6	1	1000	1.0 	 2.7849990341121573e-05 	 0.0002959332248877644 	 3 	 7.485686729125029e-07 	 0.0001777850598167208
3	6	1	10000	1.0 	 2.782298548805416e-06 	 2.959838860132175e-05 	 3 	 7.485686713022704e-08 	 1.7778505943429057e-05
3	7	1	100	1.0 	 0.0001863457551978045 	 0.0026021626968396137 	 3 	 5.182942626346013e-06 	 0.0012309488737571874
3	7	1	1000	1.0 	 1.8665561499333406e-05 	 0.0002609322648918477 	 3 	 5.182942626343677e-07 	 0.00012309488737566324
3	7	1	10000	1.0 	 1.866868150046531e-06 	 2.6100415212447128e-05 	 3 	 5.182942626320302e-08 	 1.230948873751081e-05
3	8	1	100	0.5 	 0.0012858590718709377 	 0.004380572888126202 	 3 	 1.0588567289581754e-05 	 0.033803976708935105
3	8	1	1000	1.0 	 8.228345674915579e-05 	 0.00042314709844933654 	 3 	 1.294377018059382e-06 	 0.00030741454178910554
3	8	1	10000	1.0 	 8.274627822501561e-06 	 4.231817970414475e-05 	 3 	 1.2943770181578415e-07 	 3.074145418124896e-05
3	9	1	100	1.0 	 0.00031665302972385453 	 0.007164142400680156 	 3 	 9.813327006410684e-06 	 0.0036297933692813478
3	9	1	1000	1.0 	 3.174845635265317e-05 	 0.0007206614099632917 	 3 	 1.528334050222557e-06 	 0.00036297933692786
3	9	1	10000	1.0 	 3.175705867204175e-06 	 7.210911301971597e-05 	 3 	 1.528334050210637e-07 	 3.629793369250289e-05
3	10	1	100	1.0 	 0.00023192068142530183 	 0.008769085618591205 	 3 	 1.3090519496104503e-05 	 0.003108998380324843
3	10	1	1000	1.0 	 2.3164789466933846e-05 	 0.0008820727096272455 	 3 	 1.3090519496102576e-06 	 0.00031089983803243853
3	10	1	10000	1.0 	 2.3162137939409557e-06 	 8.825925539872743e-05 	 3 	 1.3090519496079787e-07 	 3.1089983803189725e-05
5	1	1	100	0.42857142857142855 	 0.0008936511243385789 	 0.009952453250017236 	 5 	 4.1846709041368945e-05 	 0.17639868082091129
5	1	1	1000	1.0 	 7.433078307250268e-05 	 0.0011192785983169466 	 5 	 5.689063020461177e-06 	 0.001339774341318607
5	1	1	10000	1.0 	 7.464765732555206e-06 	 0.00011221389088347966 	 5 	 5.689063018837769e-07 	 0.0001339774340936295
5	2	1	100	0.3333333333333333 	 0.003658425403745139 	 0.035756620195196376 	 3 	 0.0015999897791477116 	 0.6710758558864416
5	2	1	1000	0.6666666666666666 	 0.00019889632359448189 	 0.01075336818421647 	 5 	 0.000851670489791204 	 0.24248454661943533
5	2	1	10000	1.0 	 0.00014902299407035122 	 0.004727484265245273 	 5 	 0.00016072621183955873 	 0.09004950491372221
5	3	1	100	0.6666666666666666 	 0.0014377484317355136 	 0.025925981112137064 	 5 	 7.612828910852113e-05 	 0.278452084522534
5	3	1	1000	1.0 	 0.00013781797188377543 	 0.002574863292816429 	 5 	 7.49457789971112e-06 	 0.0017649730953819692
5	3	1	10000	1.0 	 1.3759536748515383e-05 	 0.00025780459066115273 	 5 	 7.494577880900146e-07 	 0.0001764973090951985
5	4	1	100	1.0 	 0.000632856612142849 	 0.005499694721810262 	 5 	 1.7011714233765952e-05 	 0.004006258702051883
5	4	1	1000	1.0 	 6.35547148809088e-05 	 0.0005521052814050793 	 5 	 1.7011712087447214e-06 	 0.0004006258196593821
5	4	1	10000	1.0 	 6.358720975099142e-06 	 5.52321741304647e-05 	 5 	 1.701169062443015e-07 	 4.0062531420533016e-05
5	5	1	100	0.6666666666666666 	 0.006392293434284243 	 0.024208523842974866 	 5 	 5.553884976379135e-05 	 0.06044862653258602
5	5	1	1000	1.0 	 0.0011145236855167255 	 0.00533869599784436 	 5 	 1.74260666767961e-05 	 0.004103838702385482
5	5	1	10000	1.0 	 0.00010546229273618149 	 0.0005355235794666433 	 5 	 1.7426066677168086e-06 	 0.0004103838702473085
5	6	1	100	0.5714285714285714 	 0.03011451875089354 	 0.019897429734212706 	 6 	 6.80389062715434e-05 	 0.06936653779271819
5	6	1	1000	1.0 	 4.059759587441502e-05 	 0.0009917245673249718 	 5 	 3.801997552862359e-06 	 0.0008953704236990858
5	6	1	10000	1.0 	 4.055270440658136e-06 	 9.920058668913166e-05 	 5 	 3.8019975529176785e-07 	 8.953704237121135e-05
5	7	1	100	0.6666666666666666 	 0.003925457789470953 	 0.009756080402660974 	 5 	 1.762277794459704e-05 	 0.05014868564677363
5	7	1	1000	1.0 	 4.132799334391358e-05 	 0.00040673424604269675 	 5 	 9.885582744357421e-07 	 0.0002328054736296173
5	7	1	10000	1.0 	 4.130515781584998e-06 	 4.06852235529894e-05 	 5 	 9.885582744320295e-08 	 2.32805473628743e-05
5	8	1	100	0.6666666666666666 	 0.003480316796013363 	 0.028358646354963594 	 5 	 0.00012382159017218448 	 0.04476380824797595
5	8	1	1000	1.0 	 0.0007005621705335416 	 0.003875068181482396 	 5 	 1.6865629469174175e-05 	 0.003971855739990519
5	8	1	10000	1.0 	 6.815350087068288e-05 	 0.0003894094000344889 	 5 	 1.68656294774867e-06 	 0.0003971855741948119
5	9	1	100	1.0 	 0.0009686283784707796 	 0.013523568281046233 	 5 	 3.2123554143200616e-05 	 0.007565097000723748
5	9	1	1000	1.0 	 9.600657141053315e-05 	 0.0013602725233658245 	 5 	 3.2123554143276757e-06 	 0.0007565097000741677
5	9	1	10000	1.0 	 9.592630145878847e-06 	 0.0001361080281279801 	 5 	 3.212355414395503e-07 	 7.565097000901412e-05
5	10	1	100	0.6 	 0.005783233025495915 	 0.02064323399472098 	 3 	 0.00043930345244937695 	 0.21491828295904863
5	10	1	1000	0.8 	 0.003425330028807409 	 0.013230497976792923 	 4 	 0.0004178979206759756 	 0.2098772802264126
5	10	1	10000	1.0 	 0.0001758863071532081 	 0.00021953006751446028 	 5 	 2.772187408567961e-06 	 0.0006528501347178477
7	1	1	100	0.3 	 0.004776469402036643 	 0.03353489051078103 	 6 	 0.0002831051506809296 	 0.4910990624122793
7	1	1	1000	1.0 	 0.00018608416693132127 	 0.001981581950760088 	 7 	 7.5740853379145556e-06 	 0.002141175001910335
7	1	1	10000	1.0 	 1.8706386241032206e-05 	 0.00019875821265042708 	 7 	 9.169914321070623e-07 	 0.00021411749939699923
7	2	1	100	0.3333333333333333 	 0.00410546558932814 	 0.029005988503723896 	 5 	 0.0012634612044139751 	 0.6555691348102345
7	2	1	1000	0.75 	 0.00028440931995534456 	 0.008562673650338484 	 7 	 0.0006672113131541333 	 0.18848925875167077
7	2	1	10000	1.0 	 0.0001577856933019715 	 0.0036150594143628677 	 7 	 0.00012581889966252577 	 0.0699330964826856
7	3	1	100	0.3 	 0.0070988763005098154 	 0.05894431587797285 	 6 	 0.000353966689511555 	 0.5628744307106646
7	3	1	1000	1.0 	 0.00029957304173457584 	 0.0035416140560894606 	 7 	 1.2290725258121465e-05 	 0.0028698843477713704
7	3	1	10000	1.0 	 3.007224121705227e-05 	 0.000355654674812898 	 7 	 1.2290725259050236e-06 	 0.00028698843479882385
7	4	1	100	1.0 	 0.003280345486611429 	 0.011702384052656634 	 7 	 2.3857341634112715e-05 	 0.005570689271565354
7	4	1	1000	1.0 	 0.00031776392621182375 	 0.001173238037644224 	 7 	 2.3857345054267932e-06 	 0.0005570690070171598
7	4	1	10000	1.0 	 3.167915868114827e-05 	 0.00011735401794410553 	 7 	 2.385737925578677e-07 	 5.570698056226246e-05
7	5	1	100	0.625 	 0.007919134755776968 	 0.025120159459233297 	 6 	 0.0002177075218940687 	 0.10848378713589366
7	5	1	1000	1.0 	 0.0014225382554452282 	 0.005386308300748105 	 7 	 2.1138511438345555e-05 	 0.004935842420853657
7	5	1	10000	1.0 	 0.00013210587015938463 	 0.0005405730296853186 	 7 	 2.113851813994778e-06 	 0.0004935843985677778
7	6	1	100	0.4444444444444444 	 0.00758388227490184 	 0.04890533473547501 	 6 	 0.00025948033727551305 	 0.33850632566265426
7	6	1	1000	1.0 	 0.0002342168711256377 	 0.002724477677749745 	 7 	 9.205500503485908e-06 	 0.0021494843675639516
7	6	1	10000	1.0 	 2.325549767045711e-05 	 0.000273066899819063 	 7 	 9.205500503461065e-07 	 0.00021494843675581507
7	7	1	100	0.4444444444444444 	 0.009853328903466203 	 0.03259082109923522 	 6 	 0.00036234504496974855 	 0.32726608064631996
7	7	1	1000	1.0 	 9.037637713678608e-05 	 0.0005929101579876507 	 7 	 1.5408146137264988e-06 	 0.00035978021230513926
7	7	1	10000	1.0 	 9.033380420076704e-06 	 5.930851963585863e-05 	 7 	 1.540814613988854e-07 	 3.597802123663993e-05
7	8	1	100	0.75 	 0.003918305526083848 	 0.017672145278338942 	 7 	 5.273630967279083e-05 	 0.02240268430693902
7	8	1	1000	1.0 	 0.0007093797960124989 	 0.0017057588754455129 	 7 	 4.138930580815026e-06 	 0.0009664402906203063
7	8	1	10000	1.0 	 7.046792425855537e-05 	 0.00017075016235791236 	 7 	 4.138930593068072e-07 	 9.66440293481393e-05
7	9	1	100	0.625 	 0.007282709377121372 	 0.02876023641490618 	 6 	 0.00019442888098877273 	 0.1138942292145359
7	9	1	1000	1.0 	 0.00016844917946453634 	 0.0014452599832277398 	 7 	 3.3217303905711728e-06 	 0.0007756240461983636
7	9	1	10000	1.0 	 1.6792976897531128e-05 	 0.00014460692556086607 	 7 	 3.3217303908000375e-07 	 7.756240462518035e-05
7	10	1	100	0.7142857142857143 	 0.006053247788443928 	 0.01957311059837965 	 5 	 0.0003401733697741906 	 0.1623421471286154
7	10	1	1000	0.7142857142857143 	 0.005631960799361322 	 0.010770119393707138 	 5 	 0.000322523381031859 	 0.15822087475728097
7	10	1	10000	0.7142857142857143 	 0.005616068308861896 	 0.010375969115624824 	 5 	 0.0003219084644665439 	 0.1580772917392799
10	1	1	100	0.2857142857142857 	 0.006521082499222565 	 0.03588677432886926 	 8 	 0.0006174673897062571 	 0.567496507339215
10	1	1	1000	0.7272727272727273 	 0.0015683384518624245 	 0.00686693325379441 	 9 	 0.00015269232540801228 	 0.15707300185089682
10	1	1	10000	1.0 	 3.1838596743275226e-05 	 0.00021842802400238412 	 10 	 1.3307642040390016e-06 	 0.00030674114903099167
10	2	1	100	0.3333333333333333 	 0.017100467080822763 	 0.07490014027992183 	 6 	 0.001355897956464774 	 0.6131151674717996
10	2	1	1000	0.8181818181818182 	 0.0003570663949224815 	 0.00816893210287807 	 10 	 0.0005881414671102417 	 0.16736430703239918
10	2	1	10000	0.8181818181818182 	 0.0001551312552347199 	 0.0069563042363684794 	 10 	 0.0005880381575066362 	 0.1640888600538892
10	3	1	100	0.38461538461538464 	 0.020459992321486823 	 0.1086087924458838 	 8 	 0.0006132269153115595 	 0.5101982321150444
10	3	1	1000	0.8181818181818182 	 0.0008272219621836367 	 0.007285736149284276 	 10 	 4.143298197653315e-05 	 0.14602534510978854
10	3	1	10000	1.0 	 8.343681983819624e-05 	 0.0007313477258847059 	 10 	 4.1375004373109005e-06 	 0.0009536938508001719
10	4	1	100	0.38461538461538464 	 0.03039692909181534 	 0.03371610192656611 	 8 	 0.0005691468435105443 	 0.4617554199655804
10	4	1	1000	1.0 	 0.00048132747898451604 	 0.0013072161382031294 	 10 	 6.044110330358124e-06 	 0.0013931674311475517
10	4	1	10000	1.0 	 4.788585409342524e-05 	 0.00013076647175054029 	 10 	 6.002347997727404e-07 	 0.00013835412134761713
10	5	1	100	0.5384615384615384 	 0.03282806503535722 	 0.03227176846467685 	 10 	 0.00011110028438991174 	 0.06693752385286475
10	5	1	1000	0.7272727272727273 	 0.007566193024422326 	 0.011058051528997298 	 9 	 6.547574157140699e-05 	 0.030570935708096818
10	5	1	10000	1.0 	 0.0003242339018377635 	 0.0006318091828553762 	 10 	 2.0175091853057305e-06 	 0.0004650358672129689
10	6	1	100	0.38461538461538464 	 0.013113304868289627 	 0.06488273059096918 	 8 	 0.0005461818207358939 	 0.46436132816328685
10	6	1	1000	1.0 	 0.0006107796260510821 	 0.003922889658004183 	 10 	 1.4648161256236047e-05 	 0.0033764011695624433
10	6	1	10000	1.0 	 6.105484200973558e-05 	 0.0003938760471635738 	 10 	 1.4648161254276562e-06 	 0.0003376401169110782
10	7	1	100	0.46153846153846156 	 0.012864439061987377 	 0.02861973796139478 	 9 	 0.0003403934944034458 	 0.2893251878316103
10	7	1	1000	1.0 	 0.0004160605357331398 	 0.0011051305159884188 	 10 	 5.371252185856252e-06 	 0.0012380736288398753
10	7	1	10000	1.0 	 4.120291789164067e-05 	 0.00011062779303868576 	 10 	 5.371247821130074e-07 	 0.00012380726227704912
10	8	1	100	0.5 	 0.007902267923550537 	 0.027824304767460617 	 8 	 0.00030985101373885655 	 0.14983998531836112
10	8	1	1000	0.7272727272727273 	 0.0012914257330741002 	 0.0023458846476010096 	 9 	 7.944935873065025e-05 	 0.026183754909526392
10	8	1	10000	0.9 	 0.00015974119988795788 	 0.0004818234523407498 	 9 	 7.438858682891059e-05 	 0.017155114527629946
10	9	1	100	0.5 	 0.016203646585353223 	 0.028290850945971658 	 8 	 0.0001224955509634817 	 0.2108189954231125
10	9	1	1000	0.9 	 0.008497072039334894 	 0.004796231996852962 	 9 	 1.6581840458543397e-05 	 0.003822114225694284
10	9	1	10000	0.9 	 0.008189336601373793 	 0.00346268930073743 	 9 	 1.3865343547459481e-05 	 0.0031959616876894425
10	10	1	100	0.8 	 0.005439080575815725 	 0.026448070872427034 	 8 	 0.000211997805735556 	 0.09489086349200307
10	10	1	1000	0.8 	 0.003916107554326142 	 0.007081518834451735 	 8 	 0.00018310752107949794 	 0.08823165287878172
10	10	1	10000	0.9 	 0.0033406901653628435 	 0.004217657992064878 	 9 	 8.053576456453606e-05 	 0.030103891548046706
2	1	2	100	0.3333333333333333 	 0.00014481752802712327 	 0.00471692748719973 	 2 	 7.544956026391596e-06 	 0.3666622312398471
2	1	2	1000	1.0 	 1.3058213488171954e-05 	 0.0004450913643637059 	 2 	 7.30555045365041e-07 	 0.00017423737831956387
2	1	2	10000	1.0 	 1.3056296278131125e-06 	 4.4519976458170314e-05 	 2 	 7.305550528780157e-08 	 1.7423738011140832e-05
2	2	2	100	0.3333333333333333 	 0.01459483925266739 	 0.006719804725266878 	 2 	 0.00022501510210714437 	 0.056126966101492586
2	2	2	1000	0.3333333333333333 	 0.00030754317174122407 	 0.030341103364396365 	 2 	 0.00044374721165041077 	 0.9438730338985073
2	2	2	10000	1.0 	 0.00027017243893574864 	 0.011653634065368158 	 2 	 0.0011832807353088595 	 0.28221245537116557
2	3	2	100	1.0 	 0.00010427331143504021 	 0.005114623791800949 	 2 	 1.345361153894955e-05 	 0.0032086863520394975
2	3	2	1000	1.0 	 1.0412075237147936e-05 	 0.0005113608688360238 	 2 	 1.3453611538955254e-06 	 0.0003208686352040857
2	3	2	10000	1.0 	 1.0410590984318256e-06 	 5.113513511377171e-05 	 2 	 1.3453611539001804e-07 	 3.208686352051959e-05
2	4	2	100	1.0 	 0.00018172948632949216 	 0.004677758822302308 	 2 	 7.662399554726353e-06 	 0.0018274822938022517
2	4	2	1000	1.0 	 1.8204443313121788e-05 	 0.00046767685748810134 	 2 	 7.66239955472263e-07 	 0.00018274822938013635
2	4	2	10000	1.0 	 1.8207609363305878e-06 	 4.676673834107865e-05 	 2 	 7.662399554731939e-08 	 1.827482293803584e-05
2	5	2	100	1.0 	 0.00010726311254761482 	 0.0022571737476114006 	 2 	 6.716181330675159e-06 	 0.00160180924736604
2	5	2	1000	1.0 	 1.0669672791560802e-05 	 0.00022604245250895734 	 2 	 6.716181330673938e-07 	 0.00016018092473657486
2	5	2	10000	1.0 	 1.066405704489143e-06 	 2.2607501179011326e-05 	 2 	 6.716181330646008e-08 	 1.6018092473590873e-05
2	6	2	100	1.0 	 4.7631357149486e-05 	 0.0017722364329768525 	 2 	 4.822812287045939e-06 	 0.0011502407304604667
2	6	2	1000	1.0 	 4.7682507242280206e-06 	 0.00017712607033149204 	 2 	 4.822812287070959e-07 	 0.00011502407304664342
2	6	2	10000	1.0 	 4.768766415451959e-07 	 1.771163189194727e-05 	 2 	 4.822812287324658e-08 	 1.1502407305269415e-05
2	7	2	100	1.0 	 0.00014705342954945028 	 0.0011827818256404518 	 2 	 1.336273794609747e-06 	 0.0003187013000144276
2	7	2	1000	1.0 	 1.4661048257606447e-05 	 0.00011830196169214162 	 2 	 1.3362737946121037e-07 	 3.1870130001498964e-05
2	7	2	10000	1.0 	 1.4656634575441464e-06 	 1.1830434037736618e-05 	 2 	 1.3362737945632262e-08 	 3.187013000033323e-06
2	8	2	100	1.0 	 3.3357679110278164e-05 	 0.0008514925559417336 	 2 	 1.129027462752786e-06 	 0.0002692730498665419
2	8	2	1000	1.0 	 3.3347348706838606e-06 	 8.511026249224305e-05 	 2 	 1.1290274627633761e-07 	 2.6927304986906764e-05
2	8	2	10000	1.0 	 3.3346316469738267e-07 	 8.51063651402065e-06 	 2 	 1.1290274628553129e-08 	 2.6927304989099454e-06
2	9	2	100	1.0 	 0.007337914503328985 	 0.012663313785997018 	 2 	 3.9040416309668724e-05 	 0.009311139289856074
2	9	2	1000	1.0 	 0.000626241984280707 	 0.0015540788811067721 	 2 	 4.354534756626347e-06 	 0.001038556539455393
2	9	2	10000	1.0 	 5.974800780113614e-05 	 0.00015548445040435385 	 2 	 4.3545347566049914e-07 	 0.00010385565394502999
2	10	2	100	1.0 	 0.003230670008141218 	 0.007860324127925037 	 2 	 1.2837363561989253e-05 	 0.0030617112095344644
2	10	2	1000	1.0 	 0.0002891039375822937 	 0.0007886626672522375 	 2 	 1.2837363561988292e-06 	 0.00030617112095342354
2	10	2	10000	1.0 	 2.8610114693719558e-05 	 7.88926603655641e-05 	 2 	 1.2837363562012805e-07 	 3.0617112095400814e-05
3	1	2	100	0.5 	 0.00034872007758765295 	 0.006019082182679998 	 3 	 1.0551968031255882e-05 	 0.2735599464578629
3	1	2	1000	1.0 	 1.3146541590407525e-05 	 0.0003876098334721083 	 3 	 1.2044817556055456e-06 	 0.00028606441695631923
3	1	2	10000	1.0 	 1.314488743444547e-06 	 3.876353955434196e-05 	 3 	 1.2044817643830273e-07 	 2.8606441904097113e-05
3	2	2	100	0.6666666666666666 	 0.0008616536576146466 	 0.0036594910898877144 	 2 	 0.00010791305839870775 	 0.025629351369693278
3	2	2	1000	0.6666666666666666 	 0.0007768450711054107 	 0.0013838955630177461 	 2 	 0.0001079130583987075 	 0.025629351369693222
3	2	2	10000	1.0 	 0.0002732041640081827 	 0.00444008809281014 	 3 	 0.0005444478607630314 	 0.12930636693122094
3	3	2	100	1.0 	 0.0003057990528312893 	 0.006734054567704169 	 3 	 1.417078314598838e-05 	 0.003365560997172265
3	3	2	1000	1.0 	 3.046886898910707e-05 	 0.000675138072632486 	 3 	 1.4170783146573698e-06 	 0.0003365560997311279
3	3	2	10000	1.0 	 3.0458190364249756e-06 	 6.753128511845086e-05 	 3 	 1.4170783152420485e-07 	 3.365560998699891e-05
3	4	2	100	1.0 	 7.091821526136601e-05 	 0.001609289484581484 	 3 	 5.130420600332042e-06 	 0.0012184748925788693
3	4	2	1000	1.0 	 7.102962747908455e-06 	 0.00016105707621055806 	 3 	 5.130421980432988e-07 	 0.00012184752203528439
3	4	2	10000	1.0 	 7.104227425304096e-07 	 1.6107189223208767e-05 	 3 	 5.130435781249618e-08 	 1.2184784980467935e-05
3	5	2	100	1.0 	 0.0002249350398446447 	 0.0028059887494975098 	 3 	 2.4047264891451895e-05 	 0.005711225411719867
3	5	2	1000	1.0 	 2.2188516221224365e-05 	 0.0002829155278022821 	 3 	 2.4047264891343905e-06 	 0.0005711225411694221
3	5	2	10000	1.0 	 2.216026538953376e-06 	 2.8315408849436652e-05 	 3 	 2.404726489013669e-07 	 5.711225411407504e-05
3	6	2	100	1.0 	 7.798081659224423e-05 	 0.002203097768091994 	 3 	 8.400912110356347e-06 	 0.0019952166262096477
3	6	2	1000	1.0 	 7.794351559134108e-06 	 0.00022063592473043177 	 3 	 8.400912097952879e-07 	 0.00019952166232638235
3	6	2	10000	1.0 	 7.794001112112102e-07 	 2.2066872378652012e-05 	 3 	 8.400911973767422e-08 	 1.9952165937697774e-05
3	7	2	100	1.0 	 0.00038482886607475416 	 0.0029229781495059928 	 3 	 4.7534382382326275e-06 	 0.0011289415815802575
3	7	2	1000	1.0 	 3.800574973452947e-05 	 0.00029260676148507004 	 3 	 4.753438238230349e-07 	 0.00011289415815797163
3	7	2	10000	1.0 	 3.7958958104559555e-06 	 2.926376937591779e-05 	 3 	 4.753438238221146e-08 	 1.1289415815775306e-05
3	8	2	100	1.0 	 0.000137973380808534 	 0.0038407052819349613 	 3 	 5.615585570605047e-06 	 0.0028143144821656256
3	8	2	1000	1.0 	 1.3823770216145106e-05 	 0.0003849340404424807 	 3 	 1.1849745188070845e-06 	 0.00028143144821668464
3	8	2	10000	1.0 	 1.3826449423752164e-06 	 3.850207864167948e-05 	 3 	 1.1849745188103567e-07 	 2.814314482174618e-05
3	9	2	100	0.5 	 0.004532254042004468 	 0.0049572335017919215 	 3 	 1.4711632447362515e-05 	 0.013785607019262399
3	9	2	1000	1.0 	 0.0003622175182661039 	 0.0004652472211455688 	 3 	 1.1279863630021e-06 	 0.0002678967612130007
3	9	2	10000	1.0 	 3.64194526480967e-05 	 4.667958482864884e-05 	 3 	 1.127986363020163e-07 	 2.678967612172907e-05
3	10	2	100	0.5 	 0.006951459187913184 	 0.007503715242682391 	 3 	 2.324398221905471e-05 	 0.020075854492648343
3	10	2	1000	0.5 	 0.000428492773049009 	 0.0004684222933555533 	 3 	 5.984496494757101e-07 	 0.014620432994156926
3	10	2	10000	1.0 	 3.9734730915941835e-05 	 4.6738442134769225e-05 	 3 	 6.656037315380255e-08 	 1.5808088624028223e-05
5	1	2	100	1.0 	 0.00026166942548706785 	 0.00412441602013374 	 5 	 1.567006123790691e-05 	 0.0036902994215270786
5	1	2	1000	1.0 	 2.600910778645521e-05 	 0.0004128290662481026 	 5 	 1.567006123668363e-06 	 0.0003690299421238996
5	1	2	10000	1.0 	 2.5993521824035032e-06 	 4.128678566401722e-05 	 5 	 1.5670061224463814e-07 	 3.6902994183612287e-05
5	2	2	100	0.8 	 0.000876055208201035 	 0.005194842971123257 	 4 	 9.779740991398862e-05 	 0.02303129003474432
5	2	2	1000	0.8 	 0.0007792282910092945 	 0.00115018166529083 	 4 	 6.284166493996307e-05 	 0.014799212093361306
5	2	2	10000	0.6666666666666666 	 0.0003091237738549053 	 0.007136558504958551 	 5 	 0.00011161870995875998 	 0.23358250224136437
5	3	2	100	1.0 	 0.00036114179020484903 	 0.006872921881169556 	 5 	 2.1032011691793324e-05 	 0.004953038753417328
5	3	2	1000	1.0 	 3.663925704147814e-05 	 0.0006949317879233856 	 5 	 2.103201170467665e-06 	 0.0004953038756451353
5	3	2	10000	1.0 	 3.6693331089901497e-06 	 6.957163017804815e-05 	 5 	 2.1032011833601892e-07 	 4.9530387868132464e-05
5	4	2	100	1.0 	 0.00021863727643507574 	 0.003483261294471055 	 5 	 9.622412869285938e-06 	 0.0022660782307168397
5	4	2	1000	1.0 	 2.1863745283458083e-05 	 0.0003487018738453649 	 5 	 9.622413021533227e-07 	 0.00022660782665710757
5	4	2	10000	1.0 	 2.1863957588215347e-06 	 3.487407324374161e-05 	 5 	 9.622414544044408e-08 	 2.266078625122459e-05
5	5	2	100	1.0 	 0.0014413145216076353 	 0.02865596402394459 	 5 	 9.716192162001342e-05 	 0.022881632541513167
5	5	2	1000	1.0 	 0.0001388123291156989 	 0.002898067451971463 	 5 	 9.716192161985007e-06 	 0.0022881632541474697
5	5	2	10000	1.0 	 1.3832427362174512e-05 	 0.00029014728577637163 	 5 	 9.716192161821332e-07 	 0.00022881632541089242
5	6	2	100	0.42857142857142855 	 0.002045718696146193 	 0.0069893861403116 	 5 	 2.0669767179541626e-05 	 0.20157900034683857
5	6	2	1000	1.0 	 0.00018206996944171018 	 0.000505398728674759 	 5 	 9.592179327636424e-07 	 0.00022589582316583784
5	6	2	10000	1.0 	 1.819863411388832e-05 	 5.0535771306395526e-05 	 5 	 9.59217919680881e-08 	 2.2589582008484755e-05
5	7	2	100	1.0 	 0.0003820839510767137 	 0.005629454955522553 	 5 	 1.2689877151283627e-05 	 0.002988466069127295
5	7	2	1000	1.0 	 3.78656216440363e-05 	 0.0005631653324743466 	 5 	 1.2689877151287198e-06 	 0.0002988466069128136
5	7	2	10000	1.0 	 3.7833629008420674e-06 	 5.631873803491173e-05 	 5 	 1.2689877151378834e-07 	 2.988466069149716e-05
5	8	2	100	1.0 	 0.0008922716618800648 	 0.006533901525524031 	 5 	 2.6452289924405955e-05 	 0.007448267929473132
5	8	2	1000	1.0 	 9.495265841473496e-05 	 0.000683039821445502 	 5 	 3.162746468173951e-06 	 0.0007448267932549657
5	8	2	10000	1.0 	 9.557528134944068e-06 	 6.862577577775076e-05 	 5 	 3.1627464812312697e-07 	 7.448267963299643e-05
5	9	2	100	0.8 	 0.012367923493626488 	 0.026660680667309557 	 4 	 7.367660473876143e-05 	 0.017350840415978324
5	9	2	1000	1.0 	 0.0003569143512963672 	 0.002072655179750706 	 5 	 5.319857911243887e-06 	 0.0012528265380979356
5	9	2	10000	1.0 	 3.538894104813423e-05 	 0.00020741909794442528 	 5 	 5.319857911277774e-07 	 0.0001252826538105916
5	10	2	100	0.6 	 0.008615422108593392 	 0.03134945443156163 	 3 	 0.0008248765858147749 	 0.2963199373918648
5	10	2	1000	1.0 	 0.0005756921619007028 	 0.0023609110779694983 	 5 	 3.39877695418489e-05 	 0.008004119727106627
5	10	2	10000	1.0 	 8.241252897215335e-05 	 0.0006727326948262258 	 5 	 1.5876922799233493e-05 	 0.0037390153192200805
7	1	2	100	0.75 	 0.0008818489254808936 	 0.00980763885569686 	 7 	 3.687630726282117e-05 	 0.12301452713068659
7	1	2	1000	1.0 	 6.463713439483974e-05 	 0.000784623279495276 	 7 	 3.256819226987537e-06 	 0.0007604672895015937
7	1	2	10000	1.0 	 6.468766512914145e-06 	 7.851432564713738e-05 	 7 	 3.256819302440104e-07 	 7.604673071197679e-05
7	2	2	100	0.8571428571428571 	 0.0010539518480784714 	 0.00268108824591884 	 6 	 5.526686404849979e-05 	 0.017188724966747625
7	2	2	1000	0.8571428571428571 	 0.0007981993497275272 	 0.0007252675637501305 	 6 	 4.8959631350754395e-05 	 0.01143207392040108
7	2	2	10000	1.0 	 0.00027526107509231367 	 0.0020987312607008307 	 7 	 0.0002327046857854899 	 0.054390530887922936
7	3	2	100	0.8571428571428571 	 0.0022645302538847746 	 0.018256122944078777 	 6 	 0.0001473796264752292 	 0.034413142781965916
7	3	2	1000	1.0 	 0.00010314254995582832 	 0.0010506572957945043 	 7 	 4.924762903582248e-06 	 0.001149932137986462
7	3	2	10000	1.0 	 1.0235155034350308e-05 	 0.00010527089925599855 	 7 	 4.924762896621365e-07 	 0.00011499321363610954
7	4	2	100	1.0 	 0.0013399803623940047 	 0.004979348513617003 	 7 	 8.26838366330293e-06 	 0.0020127900668929118
7	4	2	1000	1.0 	 0.0001333535057997907 	 0.0004982123228051058 	 7 	 8.62008292425351e-07 	 0.00020127893628131902
7	4	2	10000	1.0 	 1.3328926341061653e-05 	 4.9823875486163356e-05 	 7 	 8.620052770530637e-08 	 2.0127823219188986e-05
7	5	2	100	0.75 	 0.000982805372738149 	 0.017678334906854856 	 7 	 0.0001058994414914187 	 0.06407251133161197
7	5	2	1000	1.0 	 9.827056715927719e-05 	 0.0015544818372756181 	 7 	 7.157790095670361e-06 	 0.0016713439873390218
7	5	2	10000	1.0 	 9.810572897875613e-06 	 0.00015557592894183779 	 7 	 7.157770177281094e-07 	 0.0001671339336395128
7	6	2	100	0.5555555555555556 	 0.0027806901562150987 	 0.00671882185260728 	 7 	 1.3195369951698412e-05 	 0.13309847638207034
7	6	2	1000	1.0 	 9.255594572644514e-05 	 0.00038865599613933103 	 7 	 1.2204596405235847e-06 	 0.00028497732606225495
7	6	2	10000	1.0 	 9.2603126746547e-06 	 3.8872189581888975e-05 	 7 	 1.2204596405600212e-07 	 2.8497732607076297e-05
7	7	2	100	1.0 	 0.0011135551476791287 	 0.005728468224330592 	 7 	 1.907649176873475e-05 	 0.004454360827999578
7	7	2	1000	1.0 	 0.00010265664057306422 	 0.0005720869306881601 	 7 	 1.9076491774012418e-06 	 0.0004454360829231913
7	7	2	10000	1.0 	 1.0187825587065104e-05 	 5.7201123837049e-05 	 7 	 1.9076491826845854e-07 	 4.454360841568521e-05
7	8	2	100	0.75 	 0.006250590109851042 	 0.023584308052482385 	 7 	 9.272642712549592e-05 	 0.0245619912056246
7	8	2	1000	0.75 	 0.0006924892509946164 	 0.0024161961956223896 	 7 	 9.29429129956614e-06 	 0.005052821000780819
7	8	2	10000	1.0 	 6.838921888891334e-05 	 0.00024095296734439966 	 7 	 9.249109646135914e-07 	 0.00021596671023727258
7	9	2	100	0.4444444444444444 	 0.013557302267363519 	 0.02639095710603912 	 6 	 0.00011687180776155789 	 0.2013544795405655
7	9	2	1000	1.0 	 0.0007441825307631929 	 0.0018457551328507182 	 7 	 5.182370168524286e-06 	 0.001210083434350417
7	9	2	10000	1.0 	 7.164864855731399e-05 	 0.0001847160841719919 	 7 	 5.182370168734594e-07 	 0.0001210083434399524
7	10	2	100	0.7142857142857143 	 0.007643578201286768 	 0.022322324522668958 	 5 	 0.0007102876902575696 	 0.2558463890023136
7	10	2	1000	1.0 	 0.00048206565660806035 	 0.003458736399269637 	 7 	 8.686148368249473e-05 	 0.02072397632611691
7	10	2	10000	1.0 	 7.612535764529383e-05 	 0.0007467051672275353 	 7 	 1.9847635365367992e-05 	 0.00463442285781435
10	1	2	100	0.6363636363636364 	 0.0038349264659670894 	 0.014942426023885189 	 8 	 0.00044615697810703646 	 0.2652366966365477
10	1	2	1000	0.9 	 0.002121434964374256 	 0.0015545630756035804 	 9 	 2.961081549637398e-05 	 0.007009769160049311
10	1	2	10000	1.0 	 2.782627243158495e-05 	 6.333397144274838e-05 	 10 	 3.343840561486075e-07 	 7.70755249422544e-05
10	2	2	100	0.6363636363636364 	 0.003750381628169846 	 0.02196455058172081 	 8 	 0.0005655013562591403 	 0.27114281064141543
10	2	2	1000	0.9 	 0.0008281602602983458 	 0.0008691400331576253 	 9 	 3.584357824820913e-05 	 0.008261944786212332
10	2	2	10000	0.9 	 0.0007770828035494595 	 0.0004151013037493697 	 9 	 3.179788061302806e-05 	 0.007329411481303095
10	3	2	100	0.7272727272727273 	 0.004190190958484431 	 0.017628791560432584 	 9 	 0.00013557030672781364 	 0.09350711294076033
10	3	2	1000	1.0 	 0.0004004239999069968 	 0.0017616880541454823 	 10 	 1.1288048174171877e-05 	 0.0026018951041466513
10	3	2	10000	1.0 	 4.0742348622720865e-05 	 0.0001780008624199148 	 10 	 1.1288048405023173e-06 	 0.0002601895157357875
10	4	2	100	0.6363636363636364 	 0.005975385476279758 	 0.03720195681928449 	 8 	 0.0003563378432736991 	 0.2512294898964681
10	4	2	1000	0.9 	 0.00025499199040339784 	 0.0011221288180359025 	 9 	 8.098886389400078e-06 	 0.0018667933127567231
10	4	2	10000	0.9 	 0.00017424915284144194 	 0.0001366350115670104 	 9 	 4.998784069138346e-06 	 0.0011522197279363923
10	5	2	100	0.8181818181818182 	 0.0015683996388828577 	 0.02426433186310963 	 10 	 9.414644124407663e-05 	 0.06378981408637421
10	5	2	1000	1.0 	 0.00017184619198348 	 0.001902790750978166 	 10 	 7.339559425891371e-06 	 0.001691768447667955
10	5	2	10000	1.0 	 1.7150740785413673e-05 	 0.00019056737019054122 	 10 	 7.339560415178627e-07 	 0.00016917686756986672
10	6	2	100	0.9 	 0.00275331961534636 	 0.01089877271416442 	 9 	 6.421541399423666e-05 	 0.014801652925671675
10	6	2	1000	1.0 	 0.00028931105745770916 	 0.0010556677279135497 	 10 	 4.452035307345652e-06 	 0.0010261941383431774
10	6	2	10000	1.0 	 2.8475085191285447e-05 	 0.00010568464900497251 	 10 	 4.4520353111224466e-07 	 0.00010261941392137286
10	7	2	100	1.0 	 0.001237739274862059 	 0.004666605712727577 	 10 	 1.9543600031614902e-05 	 0.004957983227836655
10	7	2	1000	1.0 	 0.00012238235687418825 	 0.00046742267442419455 	 10 	 2.1509687693502925e-06 	 0.0004957983013352454
10	7	2	10000	1.0 	 1.2225635359523573e-05 	 4.674990728290769e-05 	 10 	 2.1509678386847698e-07 	 4.957980868168423e-05
10	8	2	100	0.8 	 0.01544240738702269 	 0.020084763145105215 	 8 	 0.0004978894091489943 	 0.11714174989678748
10	8	2	1000	0.8 	 0.01525886015270336 	 0.0160761997780038 	 8 	 0.00036475788213428457 	 0.11895117217816961
10	8	2	10000	0.8 	 0.015555839368688786 	 0.01764680217350575 	 8 	 0.000355589042974926 	 0.12153979983959358
10	9	2	100	0.9 	 0.011661299620825554 	 0.010209883864889809 	 9 	 4.1950421420332736e-05 	 0.009669572137386711
10	9	2	1000	1.0 	 0.0005000118507094885 	 0.0008221325883989343 	 10 	 2.767439050582521e-06 	 0.0006378947011592691
10	9	2	10000	1.0 	 4.964550273035619e-05 	 8.225079376760909e-05 	 10 	 2.767439052605094e-07 	 6.378947016254721e-05
10	10	2	100	0.8 	 0.008678166095331258 	 0.02229010420610634 	 8 	 0.0005447349025128977 	 0.19437703323272076
10	10	2	1000	1.0 	 0.0002846523945041772 	 0.002542894816506046 	 10 	 5.415509565653288e-05 	 0.012482749548838693
10	10	2	10000	1.0 	 0.00015415805321933695 	 0.0015594824586522902 	 10 	 4.5824204996756665e-05 	 0.010633349972569728
