2	1	0	0	1.0 	 9.607315732173147e-18 	 1.3388441368804322e-16 	 2 	 8.285246452426504e-19 	 8.326672684688675e-17
2	2	0	0	1.0 	 1.0444777618657765e-16 	 1.571534723502739e-16 	 2 	 4.108101365994808e-18 	 4.128641872824801e-16
2	3	0	0	1.0 	 5.987420302394418e-18 	 7.158378336177357e-17 	 2 	 8.285246452426504e-19 	 8.326672684688674e-17
2	4	0	0	1.0 	 1.7142811481026734e-17 	 1.6079025938192457e-16 	 2 	 1.933224172232851e-18 	 1.9428902930940242e-16
2	5	0	0	1.0 	 1.8621098626706162e-17 	 5.226723981481305e-17 	 2 	 0.0 	 0.0
2	6	0	0	1.0 	 5.980059654158474e-17 	 6.310724314394747e-16 	 2 	 1.3808744087377506e-18 	 1.387778780781446e-16
2	7	0	0	1.0 	 2.797402914998136e-17 	 8.16003526900393e-17 	 2 	 5.523497634951002e-19 	 5.551115123125783e-17
2	8	0	0	1.0 	 2.795341755118794e-18 	 1.2257180553111082e-16 	 2 	 8.285246452426504e-19 	 8.326672684688674e-17
2	9	0	0	1.0 	 2.820685153557811e-16 	 2.956826844240811e-16 	 2 	 3.3486204411890452e-18 	 3.3653635433950063e-16
2	10	0	0	1.0 	 2.4412328371177383e-16 	 8.992170521037392e-16 	 2 	 7.940027850242066e-19 	 7.979727989493313e-17
3	1	0	0	1.0 	 1.3706875929765057e-17 	 1.812188927489982e-16 	 3 	 3.068455595697645e-18 	 3.053113317719181e-16
3	2	0	0	1.0 	 6.094184456589411e-17 	 2.0970968531696485e-16 	 3 	 2.998717968522718e-18 	 2.983724378680108e-16
3	3	0	0	1.0 	 7.680168214779838e-12 	 5.580150689144633e-11 	 3 	 5.947460837609802e-12 	 5.917723533421793e-10
3	4	0	0	1.0 	 1.9967706912873558e-17 	 1.714077371752853e-16 	 3 	 2.6500298326479705e-18 	 2.636779683484747e-16
3	5	0	0	1.0 	 1.2865447329288687e-17 	 7.454241009362366e-17 	 3 	 1.2552772891490364e-18 	 1.2490009027033009e-16
3	6	0	0	1.0 	 7.785508567619268e-17 	 3.075757224772633e-16 	 3 	 9.763267804492532e-19 	 9.714451465470121e-17
3	7	0	0	1.0 	 2.8099979765752415e-16 	 6.574024549882796e-16 	 3 	 3.071942477056399e-17 	 3.056582764671134e-15
3	8	0	0	1.0 	 0.0002898333274359421 	 0.004037984516911859 	 3 	 0.0005161583141652399 	 0.051357752259441725
3	9	0	0	1.0 	 3.342042752177025e-17 	 2.1880984719744838e-16 	 3 	 3.591487799509757e-18 	 3.5735303605122226e-16
3	10	0	0	1.0 	 2.881742529210944e-16 	 8.790135886461224e-16 	 3 	 2.6674642394417316e-18 	 2.654126918244515e-16
5	1	0	0	1.0 	 1.1534478696659352e-16 	 1.0921448879773969e-15 	 5 	 2.441067291323254e-17 	 2.3800406090401793e-15
5	2	0	0	1.0 	 1.4664912940997554e-16 	 3.345007718938799e-16 	 5 	 8.371152773816267e-18 	 8.161873954470875e-16
5	3	0	0	1.0 	 7.852873551182295e-12 	 2.958691405355745e-11 	 5 	 3.2321317275018506e-12 	 3.1513284343143155e-10
5	4	0	0	1.0 	 9.151416938592637e-17 	 3.7058457728782927e-16 	 5 	 1.0959893961043278e-17 	 1.0685896612017132e-15
5	5	0	0	1.0 	 9.610158908529051e-17 	 3.6565991544041806e-16 	 5 	 4.270088556250601e-18 	 4.163336342344337e-16
5	6	0	0	1.0 	 2.3214131692743664e-16 	 6.611041823222753e-16 	 5 	 6.33396469177176e-18 	 6.175615574477433e-16
5	7	0	0	1.0 	 2.789712140394149e-16 	 5.107463502565276e-16 	 5 	 1.4678429412111534e-17 	 1.4311468676808659e-15
5	8	0	0	1.0 	 0.0002921897869886199 	 0.002994066586563859 	 5 	 0.0004105824746870561 	 0.04003179128198811
5	9	0	0	1.0 	 1.8664367102823815e-16 	 3.675230541659274e-16 	 5 	 7.979727989493309e-18 	 7.780234789755981e-16
5	10	0	0	1.0 	 0.0009781409051137881 	 0.002158289624588168 	 5 	 9.180559462011707e-05 	 0.008951045229056473
7	1	0	0	1.0 	 5.963910960385354e-12 	 4.876047816413377e-11 	 7 	 2.939432256354273e-12 	 2.807157804818327e-10
7	2	0	0	1.0 	 3.3595493179043422e-16 	 4.905007119816617e-16 	 7 	 1.0807963017865929e-17 	 1.0321604682062002e-15
7	3	0	0	0.75 	 0.0001623102543450414 	 0.007750552963903607 	 7 	 0.001050337935166589 	 0.18281079572780123
7	4	0	0	1.0 	 1.889173401538941e-16 	 5.702751356406465e-16 	 7 	 3.146116293604011e-17 	 3.00454106039183e-15
7	5	0	0	1.0 	 1.966299257583705e-16 	 7.617543843431373e-16 	 7 	 1.6311850067300143e-17 	 1.5577816814271724e-15
7	6	0	0	1.0 	 2.5164444750458813e-16 	 5.746011208743748e-16 	 7 	 4.922618450154071e-18 	 4.701100619897147e-16
7	7	0	0	1.0 	 8.517613421435712e-12 	 1.3389307416469336e-10 	 7 	 1.6730979004063983e-11 	 1.5978084948881088e-09
7	8	0	0	0.5 	 0.006356921046322187 	 0.01024696614127521 	 5 	 0.0009803752006451482 	 0.3332706997109711
7	9	0	0	1.0 	 3.502642955724809e-14 	 1.093301944430892e-13 	 7 	 1.5504804028809036e-14 	 1.4807087847512612e-12
7	10	0	0	1.0 	 0.0011867717183024987 	 0.0028399709416663775 	 7 	 0.0001277406043969624 	 0.012199227392052335
10	1	0	0	1.0 	 3.1224441226760738e-12 	 1.045098236554692e-11 	 10 	 6.08752659767384e-13 	 5.6309621028483026e-11
10	2	0	0	1.0 	 3.2652343295416246e-16 	 7.296774474573809e-16 	 10 	 3.805139386764268e-17 	 3.5197539327569416e-15
10	3	0	0	1.0 	 3.974822616144848e-10 	 0.0009924387467952264 	 10 	 0.00011613989672865218 	 0.010742940447400436
10	4	0	0	1.0 	 0.002577712020588701 	 0.0006559048587705178 	 10 	 0.000653273956481021 	 0.06042784097449454
10	5	0	0	1.0 	 1.099664490619842e-15 	 2.455526678165947e-15 	 10 	 5.2247995719690526e-17 	 4.832939604071385e-15
10	6	0	0	1.0 	 1.026463086830437e-15 	 1.0829948100912412e-15 	 10 	 2.3085887555972532e-17 	 2.1354445989274495e-15
10	7	0	0	1.0 	 0.0003697441148321524 	 0.0009485761483243909 	 10 	 0.00014284330053045764 	 0.013466904911705962
10	8	0	0	0.4166666666666667 	 0.008164448210004931 	 0.014655716061866117 	 7 	 0.001418825336300212 	 0.4919052871598658
10	9	0	0	0.9 	 0.009143695705991533 	 0.00309933405230271 	 9 	 9.047199694428899e-05 	 0.008368659717346745
10	10	0	0	1.0 	 0.0012010151738200763 	 0.002040949890436286 	 10 	 9.484864384632597e-05 	 0.008773499340829582
2	1	1	100	1.0 	 2.4677477510163068e-05 	 0.000403376465935623 	 2 	 5.263871123073558e-06 	 0.000529019047868895
2	1	1	1000	1.0 	 2.4680502898791123e-06 	 4.0346709116223616e-05 	 2 	 5.263871123077976e-07 	 5.290190478693391e-05
2	1	1	10000	1.0 	 2.468080787856264e-07 	 4.034761685632467e-06 	 2 	 5.2638711231194026e-08 	 5.290190478735024e-06
2	2	1	100	1.0 	 6.148747958802044e-05 	 0.0003654834730911525 	 2 	 8.057390266426334e-06 	 0.0008097677217758504
2	2	1	1000	1.0 	 6.15884497539962e-06 	 3.660413612214854e-05 	 2 	 8.057390266376346e-07 	 8.097677217708267e-05
2	2	1	10000	1.0 	 6.159858344924976e-07 	 3.6609732628165935e-06 	 2 	 8.057390266489578e-08 	 8.097677217822064e-06
2	3	1	100	1.0 	 0.00010663604448075037 	 0.0009116858858875317 	 2 	 4.716526728757293e-06 	 0.00047401093624011015
2	3	1	1000	1.0 	 1.066748249299362e-05 	 9.120215437671925e-05 	 2 	 4.7165267287589504e-07 	 4.740109362402767e-05
2	3	1	10000	1.0 	 1.0667871101088532e-06 	 9.120551636640913e-06 	 2 	 4.7165267287120004e-08 	 4.740109362355583e-06
2	4	1	100	1.0 	 0.00019869134385850856 	 0.002151157770828519 	 2 	 4.4652708736565555e-05 	 0.00448759722802486
2	4	1	1000	1.0 	 1.976512623261665e-05 	 0.00021576384023404765 	 2 	 4.4652708736564725e-06 	 0.0004487597228024776
2	4	1	10000	1.0 	 1.9754943590076885e-06 	 2.1582911558252412e-05 	 2 	 4.4652708736434925e-07 	 4.487597228011731e-05
2	5	1	100	1.0 	 1.1226827631956175e-05 	 0.0001061789980518405 	 2 	 9.39470642455595e-07 	 9.441679956678772e-05
2	5	1	1000	1.0 	 1.1228189210587633e-06 	 1.0618409154685343e-05 	 2 	 9.394706424605662e-08 	 9.441679956728732e-06
2	5	1	10000	1.0 	 1.1228325421556122e-07 	 1.0618460092234315e-06 	 2 	 9.394706424633278e-09 	 9.441679956756488e-07
2	6	1	100	1.0 	 0.0001483864956813527 	 0.00218587362368603 	 2 	 4.039589581960254e-06 	 0.00040597875298700736
2	6	1	1000	1.0 	 1.4841394289363243e-05 	 0.00021864552533413067 	 2 	 4.0395895819737864e-07 	 4.059787529883674e-05
2	6	1	10000	1.0 	 1.4841669703983737e-06 	 2.1865134333896872e-05 	 2 	 4.039589581965501e-08 	 4.059787529875347e-06
2	7	1	100	1.0 	 4.397127333191194e-05 	 0.00042200020364552895 	 2 	 4.74850963787911e-06 	 0.0004772252186068527
2	7	1	1000	1.0 	 4.398249333113631e-06 	 4.219485416026833e-05 	 2 	 4.7485096379130786e-07 	 4.7722521861026657e-05
2	7	1	10000	1.0 	 4.39836210590008e-07 	 4.219433761016718e-06 	 2 	 4.748509638261059e-08 	 4.772252186452386e-06
2	8	1	100	1.0 	 0.00011242382430833755 	 0.0026335883225842454 	 2 	 8.982798705546269e-05 	 0.009027712699074042
2	8	1	1000	1.0 	 1.1134754526391991e-05 	 0.00026382718407250464 	 2 	 8.982798705545386e-06 	 0.0009027712699073154
2	8	1	10000	1.0 	 1.1124193959788695e-06 	 2.638741108907438e-05 	 2 	 8.982798705530748e-07 	 9.027712699058443e-05
2	9	1	100	1.0 	 0.0008328869930467024 	 0.010741567149581532 	 2 	 0.0002251402095982124 	 0.022626591064620453
2	9	1	1000	1.0 	 8.740947415640666e-05 	 0.0011123386839097939 	 2 	 2.2514020959824444e-05 	 0.0022626591064623673
2	9	1	10000	1.0 	 8.786553866437306e-06 	 0.00011165011745037285 	 2 	 2.251402095976562e-06 	 0.00022626591064564552
2	10	1	100	1.0 	 2.2534050794424796e-05 	 0.00015058817974612638 	 2 	 5.406009328957102e-07 	 5.433039375601911e-05
2	10	1	1000	1.0 	 2.2534019131819528e-06 	 1.5058443885078796e-05 	 2 	 5.406009328774825e-08 	 5.4330393754187245e-06
2	10	1	10000	1.0 	 2.2534015994486734e-07 	 1.5058406479939443e-06 	 2 	 5.406009328415798e-09 	 5.433039375057902e-07
3	1	1	100	1.0 	 0.00010916104738340427 	 0.0011276856925710695 	 3 	 7.311791018224777e-06 	 0.0007275232063133631
3	1	1	1000	1.0 	 1.0909444431660522e-05 	 0.00011286350864943116 	 3 	 7.311791018252671e-07 	 7.275232063161387e-05
3	1	1	10000	1.0 	 1.0908781328673002e-06 	 1.1287301724319373e-05 	 3 	 7.311791018489781e-08 	 7.275232063397308e-06
3	2	1	100	1.0 	 0.0002241028381598697 	 0.0017935930397926707 	 3 	 2.9374583887311504e-05 	 0.0029227710967874854
3	2	1	1000	1.0 	 2.2440486945288967e-05 	 0.00017982465109826184 	 3 	 2.9374583887279144e-06 	 0.00029227710967842657
3	2	1	10000	1.0 	 2.244356838707514e-06 	 1.7987146818449402e-05 	 3 	 2.937458388711596e-07 	 2.9227710967680287e-05
3	3	1	100	0.6666666666666666 	 0.0030521272902770172 	 0.013665530868021589 	 2 	 0.0025519218119702584 	 0.25391622029104244
3	3	1	1000	1.0 	 2.5063060217172788e-05 	 0.00024108067142838494 	 3 	 1.5188199295715657e-05 	 0.001511225829923718
3	3	1	10000	1.0 	 2.4993455590046317e-06 	 2.4127690893533835e-05 	 3 	 1.518820320500703e-06 	 0.00015112262188982095
3	4	1	100	1.0 	 0.0001596484376881127 	 0.0016005049414226492 	 3 	 5.4632726622598e-05 	 0.005435956298948539
3	4	1	1000	1.0 	 1.587529876491197e-05 	 0.00016028994211055085 	 3 	 5.4632726622592285e-06 	 0.0005435956298947969
3	4	1	10000	1.0 	 1.5866729928828657e-06 	 1.6031401782109606e-05 	 3 	 5.463272662250721e-07 	 5.435956298939504e-05
3	5	1	100	1.0 	 0.0006783668609594271 	 0.003928622927018257 	 3 	 2.4147804882373364e-05 	 0.002402706585796166
3	5	1	1000	1.0 	 6.820172860797822e-05 	 0.0003954762727197033 	 3 	 2.414780488240182e-06 	 0.0002402706585798997
3	5	1	10000	1.0 	 6.823863530112776e-06 	 3.9573983808119974e-05 	 3 	 2.414780488226792e-07 	 2.4027065857856744e-05
3	6	1	100	0.75 	 0.010519775629449769 	 0.016929496268638686 	 4 	 0.0003088443025301426 	 0.030730008101749105
3	6	1	1000	1.0 	 2.8564392437852878e-05 	 0.0004038209204148 	 3 	 3.3621378088297055e-06 	 0.00033453271197855794
3	6	1	10000	1.0 	 2.856117646084527e-06 	 4.038852975935216e-05 	 3 	 3.362137808849511e-07 	 3.345327119805286e-05
3	7	1	100	1.0 	 0.0003041221118319449 	 0.002922900279352635 	 3 	 0.00012483786283892662 	 0.012421367352473152
3	7	1	1000	1.0 	 3.049326290104376e-05 	 0.0002959843556900105 	 3 	 1.2483786283874499e-05 	 0.0012421367352455082
3	7	1	10000	1.0 	 3.050325031130385e-06 	 2.963641153973022e-05 	 3 	 1.2483786283708803e-06 	 0.00012421367352290216
3	8	1	100	0.6666666666666666 	 0.001895484990432323 	 0.019339711571174065 	 2 	 0.003984563014248391 	 0.40639052970966216
3	8	1	1000	0.5 	 0.00038666257614039843 	 0.009347592383061975 	 3 	 0.001065978999084552 	 0.4197450399016131
3	8	1	10000	0.5 	 0.0003393136656517949 	 0.008874000968619246 	 3 	 0.001021926909051893 	 0.41974503990161316
3	9	1	100	1.0 	 0.0009302532201975561 	 0.006384628458949317 	 3 	 8.83141707914136e-05 	 0.00878725999374566
3	9	1	1000	1.0 	 9.437300790587581e-05 	 0.000646386183439164 	 3 	 8.831417079141081e-06 	 0.0008787259993745383
3	9	1	10000	1.0 	 9.451216490426021e-06 	 6.471965941761317e-05 	 3 	 8.83141707913369e-07 	 8.787259993738028e-05
3	10	1	100	1.0 	 0.00019015482435779884 	 0.0010414110019012991 	 3 	 4.994735705495304e-06 	 0.0004969762026967861
3	10	1	1000	1.0 	 1.899903852406716e-05 	 0.00010422674171589878 	 3 	 4.994735705479125e-07 	 4.969762026951763e-05
3	10	1	10000	1.0 	 1.899739610328469e-06 	 1.0423531361876854e-05 	 3 	 4.994735705378703e-08 	 4.969762026851843e-06
5	1	1	100	1.0 	 0.0011667761834592712 	 0.007354098750409004 	 5 	 0.0001739465545658256 	 0.016959789070168027
5	1	1	1000	1.0 	 0.00011298291887221804 	 0.0007476836578937348 	 5 	 1.7394655456545766e-05 	 0.0016959789070132153
5	1	1	10000	1.0 	 1.126863735765296e-05 	 7.489980627606272e-05 	 5 	 1.7394655456405277e-06 	 0.0001695978906999518
5	2	1	100	0.5 	 0.00646625532283277 	 0.017858421560637164 	 4 	 0.0009080052595356547 	 0.17593113763749077
5	2	1	1000	1.0 	 5.637346818770865e-05 	 0.00025276606596180386 	 5 	 4.75918234500204e-06 	 0.00046402027863769874
5	2	1	10000	1.0 	 5.64128037633129e-06 	 2.5288355461615826e-05 	 5 	 4.7591823449925746e-07 	 4.6402027863677586e-05
5	3	1	100	0.5 	 0.0044398210842760836 	 0.01755600348769004 	 4 	 0.0013589722224251024 	 0.2990840965927106
5	3	1	1000	1.0 	 7.471662125778553e-05 	 0.00025089199338874615 	 5 	 1.7828307223297623e-05 	 0.001738259954271508
5	3	1	10000	1.0 	 7.4641810241597515e-06 	 2.510745713723928e-05 	 5 	 1.7828309656131325e-06 	 0.00017382601914727944
5	4	1	100	1.0 	 0.0042772990973670945 	 0.004456254012630113 	 5 	 0.0001635466363372975 	 0.01594579704288652
5	4	1	1000	1.0 	 0.0004661984335249208 	 0.00044889814035715774 	 5 	 1.6354663633728997e-05 	 0.0015945797042885785
5	4	1	10000	1.0 	 4.7048699131850876e-05 	 4.492353640656373e-05 	 5 	 1.6354663633735412e-06 	 0.00015945797042892038
5	5	1	100	1.0 	 0.001495295331692509 	 0.00939548947468481 	 5 	 0.00013291834320024718 	 0.014760600478960953
5	5	1	1000	1.0 	 0.00015195323170807883 	 0.0009649728166386442 	 5 	 1.5139077414325244e-05 	 0.0014760600478967018
5	5	1	10000	1.0 	 1.522502119879579e-05 	 9.6768903851128e-05 	 5 	 1.5139077414267598e-06 	 0.0001476060047891081
5	6	1	100	0.6666666666666666 	 0.006594437955946107 	 0.04601764354582015 	 5 	 0.00031711048233896494 	 0.2524381818994806
5	6	1	1000	1.0 	 0.0004402466099168958 	 0.003824298712778538 	 5 	 5.346784710990151e-05 	 0.005213115093215412
5	6	1	10000	1.0 	 4.4124864183386024e-05 	 0.0003859501511325692 	 5 	 5.346784710974195e-06 	 0.0005213115093199856
5	7	1	100	1.0 	 0.0003807243712805998 	 0.001903378976675753 	 5 	 3.429374804035601e-05 	 0.0033436404339347173
5	7	1	1000	1.0 	 3.823611747716477e-05 	 0.0001904507918972587 	 5 	 3.429374804038818e-06 	 0.0003343640433937853
5	7	1	10000	1.0 	 3.825263211055766e-06 	 1.9046209742437635e-05 	 5 	 3.429374804099382e-07 	 3.343640433996903e-05
5	8	1	100	0.14285714285714285 	 0.00438609609841381 	 0.02199445544985588 	 3 	 0.00285942495136652 	 0.7502383141021627
5	8	1	1000	0.6666666666666666 	 0.0004492616707207165 	 0.005353296228421033 	 5 	 0.0006614463976609759 	 0.25019340215852554
5	8	1	10000	0.6666666666666666 	 0.00034834001220398017 	 0.004807695436870543 	 5 	 0.0006219669000303366 	 0.2498048575290825
5	9	1	100	1.0 	 0.0016331974595945313 	 0.006051477046669071 	 5 	 0.00013478628413874098 	 0.013141662703527235
5	9	1	1000	1.0 	 0.00016744081537238832 	 0.0006179241764942621 	 5 	 1.3478628413871624e-05 	 0.001314166270352482
5	9	1	10000	1.0 	 1.678680917818909e-05 	 6.192407562204527e-05 	 5 	 1.3478628413825078e-06 	 0.0001314166270347944
5	10	1	100	0.8 	 0.004806438262490787 	 0.019788218400195005 	 4 	 0.0012640836673438564 	 0.17446675774394066
5	10	1	1000	0.6666666666666666 	 0.0001309846193014059 	 0.002854411522629545 	 5 	 0.00011645975159773872 	 0.11998342661046517
5	10	1	10000	0.6666666666666666 	 0.0001057742660230478 	 0.0025787739061484648 	 5 	 0.00010586095233159164 	 0.11966198011304191
7	1	1	100	0.625 	 0.004503330900680638 	 0.020654853019756267 	 6 	 0.0013355343969197538 	 0.2995768693873025
7	1	1	1000	1.0 	 0.0003224999566227972 	 0.001541915628917425 	 7 	 7.944351334882495e-05 	 0.007586855524812794
7	1	1	10000	1.0 	 3.1983241397786575e-05 	 0.0001551365149266872 	 7 	 7.944354203227658e-06 	 0.0007586858264082424
7	2	1	100	0.5 	 0.014216375800412457 	 0.02169866792271389 	 5 	 0.0009959222530980041 	 0.16943894638839807
7	2	1	1000	1.0 	 0.0003881733699212205 	 0.0008333649730729171 	 7 	 2.7336728850615204e-05 	 0.0026106576052337665
7	2	1	10000	1.0 	 3.740913353658961e-05 	 8.348666073688971e-05 	 7 	 2.7336728850536167e-06 	 0.00026106576052262187
7	3	1	100	0.375 	 0.017126991215636246 	 0.02402783781341227 	 4 	 0.003113704861492316 	 0.3647805882849855
7	3	1	1000	0.8571428571428571 	 0.0012012763956119933 	 0.010278472773443594 	 6 	 0.0013047750479668165 	 0.1696860948911818
7	3	1	10000	0.75 	 0.0007424191174073377 	 0.008695015777538305 	 7 	 0.0010002880017745447 	 0.19778348851672517
7	4	1	100	0.3333333333333333 	 0.016571455987108033 	 0.01987738827688786 	 5 	 0.0012531731697839926 	 0.5893673354600624
7	4	1	1000	1.0 	 0.0010151484643962966 	 0.00029009784990937233 	 7 	 5.966204822291106e-06 	 0.0005697725605288014
7	4	1	10000	1.0 	 0.00010239108664490353 	 2.9018890158759687e-05 	 7 	 5.966204822266933e-07 	 5.697725605264929e-05
7	5	1	100	0.5 	 0.03932639534981574 	 0.04548617879640952 	 8 	 0.0005153444557232066 	 0.22015949131277074
7	5	1	1000	0.875 	 0.002412019404676656 	 0.008713019769818425 	 8 	 0.00031593661355222157 	 0.030847767085819166
7	5	1	10000	1.0 	 2.4526527221192104e-05 	 0.00010436426684280254 	 7 	 1.69427138470407e-06 	 0.00016180291723923848
7	6	1	100	0.75 	 0.007961264809949823 	 0.02848435144037687 	 7 	 0.00027680959963292305 	 0.1692206671450333
7	6	1	1000	1.0 	 0.0006258492990604657 	 0.00291875797928669 	 7 	 5.25094127554668e-05 	 0.005333184321291061
7	6	1	10000	1.0 	 6.273600757096137e-05 	 0.00029560645797251946 	 7 	 5.584486200296571e-06 	 0.0005333184321283171
7	7	1	100	0.8571428571428571 	 0.0007535091033897804 	 0.0061199000252423665 	 6 	 0.00032144786175680436 	 0.034394002240410435
7	7	1	1000	0.8571428571428571 	 0.00033896672855560534 	 0.0019372748707390227 	 6 	 0.00019837932357859121 	 0.018945225401755493
7	7	1	10000	1.0 	 1.5125484643973697e-05 	 0.0001168584825767369 	 7 	 9.53944880812414e-06 	 0.0009110173611758549
7	8	1	100	0.5714285714285714 	 0.0049090804500391055 	 0.01615114593795583 	 4 	 0.0023552950622950045 	 0.22493067844917303
7	8	1	1000	0.75 	 0.00044213531665132205 	 0.0030969412632176293 	 7 	 0.0003199792165639947 	 0.12803325642546556
7	8	1	10000	1.0 	 0.00037513248026355085 	 0.001890612401927944 	 7 	 0.00024108456101593867 	 0.023023575577022122
7	9	1	100	0.625 	 0.003371132717577081 	 0.011205347321443425 	 6 	 0.0016333839608685344 	 0.3431465675043702
7	9	1	1000	1.0 	 0.0002660438903425445 	 0.0008912907853512492 	 7 	 5.250441119685513e-05 	 0.005014171269299695
7	9	1	10000	1.0 	 2.6631363209918047e-05 	 8.953376891996329e-05 	 7 	 5.250441131340686e-06 	 0.0005014171280430384
7	10	1	100	0.8571428571428571 	 0.00509271987193937 	 0.015084994307915368 	 6 	 0.0009191283982479633 	 0.12252311876820134
7	10	1	1000	0.75 	 0.00016617159520467827 	 0.002213209068394319 	 7 	 8.670874955411537e-05 	 0.08203420200784091
7	10	1	10000	0.75 	 0.00010992501720517457 	 0.0017940025995651936 	 7 	 7.392421715669026e-05 	 0.08124171373778509
10	1	1	100	0.5833333333333334 	 0.009242530548238847 	 0.022621049861551966 	 9 	 0.0010569833004829229 	 0.32260918347392187
10	1	1	1000	1.0 	 0.0009468770824968379 	 0.0021905486724156198 	 10 	 9.120416254792022e-05 	 0.008436385035682635
10	1	1	10000	1.0 	 9.472907372110749e-05 	 0.0002209656569807647 	 10 	 9.120418427093334e-06 	 0.0008436387045061348
10	2	1	100	0.45454545454545453 	 0.020313345798494586 	 0.02416917020165825 	 6 	 0.001539493009406599 	 0.31139024351452627
10	2	1	1000	1.0 	 0.0005734882940972877 	 0.0011565096399824648 	 10 	 3.980648938847688e-05 	 0.0036821002684341003
10	2	1	10000	1.0 	 5.659864088951804e-05 	 0.00011597305863893177 	 10 	 3.9806489387761066e-06 	 0.00036821002683678876
10	3	1	100	0.36363636363636365 	 0.022836785972007476 	 0.03537337047469109 	 5 	 0.004115663944949112 	 0.4700897559021212
10	3	1	1000	0.5833333333333334 	 0.003871604745817893 	 0.011893966194866311 	 9 	 0.0014026121874619259 	 0.27171091898124755
10	3	1	10000	0.8181818181818182 	 0.0001254219977438358 	 0.00701818633211204 	 10 	 0.000511250735550551 	 0.14597332938606225
10	4	1	100	0.15384615384615385 	 0.02392817107712104 	 0.03734375346892614 	 5 	 0.003502363304466297 	 0.8439448031467505
10	4	1	1000	0.4166666666666667 	 0.01647842909912535 	 0.020846317196489588 	 7 	 0.0012916465238875959 	 0.44068439033046536
10	4	1	10000	0.4166666666666667 	 0.016401779230770217 	 0.02061733861142806 	 7 	 0.0012893414167929676 	 0.43977360645161323
10	5	1	100	0.5 	 0.06077911607226448 	 0.039529064336301226 	 11 	 0.0004868563226186799 	 0.2058659444518735
10	5	1	1000	0.9090909090909091 	 0.003520872580560668 	 0.008369435407349126 	 11 	 0.00033885339647962996 	 0.032027860421841144
10	5	1	10000	1.0 	 5.1496615973614186e-05 	 0.00012098982758479897 	 10 	 2.300394010395264e-06 	 0.0002127864459615624
10	6	1	100	0.6363636363636364 	 0.011953120986200824 	 0.03328990284728925 	 8 	 0.000647217236211938 	 0.18287947899255555
10	6	1	1000	1.0 	 0.0008290678624185257 	 0.003320112691692868 	 10 	 6.717727115583112e-05 	 0.006811100269296317
10	6	1	10000	1.0 	 8.348708420279438e-05 	 0.00033771832463582065 	 10 	 7.363351642477253e-06 	 0.0006811100269291468
10	7	1	100	0.45454545454545453 	 0.007669696325713557 	 0.018982624710471702 	 6 	 0.0018364188090942396 	 0.4025317661656296
10	7	1	1000	0.8 	 0.002946091963019548 	 0.007825784949082426 	 8 	 0.0009040569415711352 	 0.08362526709533025
10	7	1	10000	0.8181818181818182 	 0.0009318929488880449 	 0.0017877919808051506 	 10 	 0.00028064795111839755 	 0.03698548338016275
10	8	1	100	0.5833333333333334 	 0.06402286792857256 	 0.024839362056330225 	 9 	 0.0014296891240179637 	 0.2402774213595103
10	8	1	1000	0.6363636363636364 	 0.002350169526042764 	 0.005891603067143751 	 8 	 0.0009365467018227658 	 0.14679034453572543
10	8	1	10000	1.0 	 0.0004204256479333741 	 0.0012053756897837196 	 10 	 0.0001625746599361051 	 0.015038156044089711
10	9	1	100	0.23076923076923078 	 0.02352955849523123 	 0.029627456314839144 	 6 	 0.0032725404742015 	 0.7486292197483997
10	9	1	1000	0.9 	 0.013310565608208364 	 0.006070430467907685 	 9 	 0.00022775532409140254 	 0.02183456437981647
10	9	1	10000	1.0 	 5.096738514953029e-05 	 9.409823382083867e-05 	 10 	 4.486650561037523e-06 	 0.00041501517689597174
10	10	1	100	0.5 	 0.009872613157874362 	 0.017928438670359606 	 8 	 0.0014636051112495998 	 0.2574428624383101
10	10	1	1000	0.8181818181818182 	 0.0006989267146360114 	 0.0025258145525659417 	 10 	 8.486006108555102e-05 	 0.06243320244060818
10	10	1	10000	0.8181818181818182 	 0.00016613441604051296 	 0.0013554186006208575 	 10 	 5.8738494549156244e-05 	 0.05884338514043625
2	1	2	100	1.0 	 0.00010247305574668142 	 0.0018250982511854457 	 2 	 2.2036324612219273e-05 	 0.002214650623528047
2	1	2	1000	1.0 	 1.0262611499314493e-05 	 0.00018278660151652829 	 2 	 2.203632461221817e-06 	 0.00022146506235279362
2	1	2	10000	1.0 	 1.0264157518743069e-06 	 1.8281439863010697e-05 	 2 	 2.2036324612243027e-07 	 2.2146506235304342e-05
2	2	2	100	1.0 	 0.00020580979753329412 	 0.001027871531785436 	 2 	 4.467181909654115e-05 	 0.004489517819202406
2	2	2	1000	1.0 	 2.1881033789512715e-05 	 0.00010443038996561618 	 2 	 4.467181909658388e-06 	 0.0004489517819206701
2	2	2	10000	1.0 	 2.2021406467673343e-06 	 1.0460750552107915e-05 	 2 	 4.467181909708238e-07 	 4.4895178192568e-05
2	3	2	100	1.0 	 6.70437377073786e-05 	 0.0007386317153451052 	 2 	 7.272511468023083e-06 	 0.0007308874025363232
2	3	2	1000	1.0 	 6.69877697511627e-06 	 7.389677036689705e-05 	 2 	 7.272511468031645e-07 	 7.308874025371837e-05
2	3	2	10000	1.0 	 6.698218798029919e-07 	 7.390013418834216e-06 	 2 	 7.272511468106212e-08 	 7.3088740254467766e-06
2	4	2	100	1.0 	 6.979976619015973e-05 	 0.0004331534544468112 	 2 	 2.79359352493935e-06 	 0.00028075614925640596
2	4	2	1000	1.0 	 6.977314184210834e-06 	 4.333089343314083e-05 	 2 	 2.7935935249573007e-07 	 2.8075614925821002e-05
2	4	2	10000	1.0 	 6.977048242152489e-07 	 4.333244889735613e-06 	 2 	 2.793593525109197e-08 	 2.807561492734756e-06
2	5	2	100	1.0 	 0.0003267235372111641 	 0.0020398047714871173 	 2 	 2.600139779779162e-05 	 0.0026131404786780693
2	5	2	1000	1.0 	 3.302940776108125e-05 	 0.00020556084797879588 	 2 	 2.600139779779976e-06 	 0.00026131404786788876
2	5	2	10000	1.0 	 3.3065574509436267e-06 	 2.0572099072307418e-05 	 2 	 2.6001397797852236e-07 	 2.6131404786841617e-05
2	6	2	100	0.25 	 0.02305071036008334 	 0.02794521627751446 	 3 	 0.0001719303165589938 	 0.28831833013698294
2	6	2	1000	1.0 	 1.0730247289910636e-05 	 0.0005199147469010261 	 2 	 2.8435639295258072e-06 	 0.00028577817491734497
2	6	2	10000	1.0 	 1.0739017878256244e-06 	 5.2015066271831036e-05 	 2 	 2.8435639295293973e-07 	 2.8577817491770574e-05
2	7	2	100	1.0 	 0.00028886400694175436 	 0.0007675642608105779 	 2 	 3.3414614816022146e-06 	 0.0003358168789010241
2	7	2	1000	1.0 	 2.896706916264777e-05 	 7.692646490486131e-05 	 2 	 3.341461481594758e-07 	 3.358168789002747e-05
2	7	2	10000	1.0 	 2.897516673019769e-06 	 7.694353048219963e-06 	 2 	 3.341461481390388e-08 	 3.3581687887973555e-06
2	8	2	100	1.0 	 0.00010852251997089595 	 0.0014565419314448499 	 2 	 4.178821414264624e-05 	 0.004199715521335967
2	8	2	1000	1.0 	 1.0784954518711498e-05 	 0.00014580639300849663 	 2 	 4.178821414263078e-06 	 0.0004199715521334413
2	8	2	10000	1.0 	 1.0778287427678605e-06 	 1.4582163049188624e-05 	 2 	 4.1788214142616977e-07 	 4.199715521333025e-05
2	9	2	100	0.3333333333333333 	 0.0036613348679887746 	 0.0033063089235879197 	 2 	 7.965535658684136e-05 	 0.020252180148826616
2	9	2	1000	1.0 	 0.0007451111291133919 	 0.000802035925860095 	 2 	 1.684481108341061e-05 	 0.001692903513882774
2	9	2	10000	1.0 	 6.889216949310991e-05 	 8.02309087982846e-05 	 2 	 1.684481108349151e-06 	 0.00016929035138909046
2	10	2	100	1.0 	 0.0012905415453309942 	 0.000689397465663324 	 2 	 3.3080447658556125e-06 	 0.0003324584989684906
2	10	2	1000	1.0 	 0.00016683431206997783 	 8.46554443467657e-05 	 2 	 3.5241667825743803e-07 	 3.5417876164872686e-05
2	10	2	10000	1.0 	 1.666316145784497e-05 	 8.465921378561098e-06 	 2 	 3.5241667824929095e-08 	 3.5417876164053896e-06
3	1	2	100	1.0 	 0.0004555138409092283 	 0.0018589117768722495 	 3 	 1.1426863313864636e-05 	 0.0011369728997295272
3	1	2	1000	1.0 	 4.5563310725777035e-05 	 0.00018618948968152915 	 3 	 1.1426863313897272e-06 	 0.00011369728997327744
3	1	2	10000	1.0 	 4.556451568841133e-06 	 1.8621942004344974e-05 	 3 	 1.1426863313999089e-07 	 1.1369728997429053e-05
3	2	2	100	1.0 	 0.0007088836482513085 	 0.000969842030390087 	 3 	 9.683963462694973e-06 	 0.0009635543645381481
3	2	2	1000	1.0 	 7.136335718185243e-05 	 9.705612604686004e-05 	 3 	 9.68396346270669e-07 	 9.635543645393138e-05
3	2	2	10000	1.0 	 7.1411242761125475e-06 	 9.706332421553957e-06 	 3 	 9.683963462973785e-08 	 9.635543645658898e-06
3	3	2	100	1.0 	 0.0002228726148215437 	 0.001950861845143894 	 3 	 0.00014179663340835316 	 0.014108765024131234
3	3	2	1000	1.0 	 2.113162324829564e-05 	 0.0001978850530343858 	 3 	 1.4179657980006632e-05 	 0.0014108759690106693
3	3	2	10000	1.0 	 2.1024637084159434e-06 	 1.9817260775022466e-05 	 3 	 1.4179604488948174e-06 	 0.0001410870646650353
3	4	2	100	1.0 	 7.55604792055279e-05 	 0.0006926535980845799 	 3 	 3.1734588470446944e-05 	 0.0031575915528094666
3	4	2	1000	1.0 	 7.535390497108205e-06 	 6.928730462035611e-05 	 3 	 3.1734588470456014e-06 	 0.0003157591552810368
3	4	2	10000	1.0 	 7.533357318953389e-07 	 6.928949986647788e-06 	 3 	 3.1734588470218906e-07 	 3.157591552786776e-05
3	5	2	100	1.0 	 0.00010085611286765169 	 0.000938426794592244 	 3 	 1.5804711799710773e-05 	 0.001572568824071224
3	5	2	1000	1.0 	 1.0111700639270866e-05 	 9.406741675729143e-05 	 3 	 1.5804711799729462e-06 	 0.00015725688240730837
3	5	2	10000	1.0 	 1.0114361565513005e-06 	 9.409008718105847e-06 	 3 	 1.5804711799386353e-07 	 1.5725688240389443e-05
3	6	2	100	1.0 	 0.0001829849664172587 	 0.0033431926945417124 	 3 	 2.4310497683523824e-05 	 0.0024188945195106203
3	6	2	1000	1.0 	 1.8308060866177944e-05 	 0.00033428862322075427 	 3 	 2.4310497683517552e-06 	 0.00024188945195099953
3	6	2	10000	1.0 	 1.8309054001801673e-06 	 3.342855904382206e-05 	 3 	 2.4310497683500815e-07 	 2.4188945195083303e-05
3	7	2	100	0.6666666666666666 	 0.006951717268940445 	 0.008427356430975634 	 2 	 0.0006228557131749748 	 0.06197414346091036
3	7	2	1000	1.0 	 8.215697393216116e-05 	 0.00030947872935695533 	 3 	 1.4899885030364368e-05 	 0.0014825385605212633
3	7	2	10000	1.0 	 8.102644399998026e-06 	 3.1006550558646464e-05 	 3 	 1.489988502996648e-06 	 0.00014825385604816735
3	8	2	100	0.6666666666666666 	 0.0020416324751544174 	 0.014375621300935068 	 2 	 0.0032220926390687486 	 0.32059821758734264
3	8	2	1000	0.5 	 0.00035531494496243173 	 0.007322864166040807 	 3 	 0.0006131794195334698 	 0.35724155617088077
3	8	2	10000	1.0 	 0.0002907570072858425 	 0.004050924366632674 	 3 	 0.0005175665849958055 	 0.05149787520708299
3	9	2	100	0.6666666666666666 	 0.00845711810355776 	 0.004162435984464519 	 2 	 0.00010343310867350414 	 0.01029159431301373
3	9	2	1000	1.0 	 0.0006177863870308395 	 0.0003718394673703576 	 3 	 6.515571539110558e-06 	 0.0006482993681415049
3	9	2	10000	1.0 	 6.517756235135151e-05 	 3.8312528714853984e-05 	 3 	 6.515571539105223e-07 	 6.482993681409742e-05
3	10	2	100	1.0 	 0.0013633511357022251 	 0.0016859968936261361 	 3 	 1.9046539597803628e-05 	 0.0018951306899814635
3	10	2	1000	1.0 	 0.00020296759382687905 	 0.0001855666904225424 	 3 	 1.8814705781712833e-06 	 0.000187206322528043
3	10	2	10000	1.0 	 2.0174243374916137e-05 	 1.8556465557763913e-05 	 3 	 1.881470578146997e-07 	 1.8720632252562652e-05
5	1	2	100	1.0 	 0.0008497766489880048 	 0.007538744081420624 	 5 	 0.0001626488949010523 	 0.01585826725285264
5	1	2	1000	1.0 	 8.402406318110139e-05 	 0.0007660813156782943 	 5 	 1.6264889490110035e-05 	 0.0015858267252857328
5	1	2	10000	1.0 	 8.394909135076006e-06 	 7.67340909894797e-05 	 5 	 1.6264889490082853e-06 	 0.0001585826725283082
5	2	2	100	0.8 	 0.005838256743228196 	 0.0033944530647330154 	 4 	 0.00017611693567816985 	 0.017531557045816874
5	2	2	1000	1.0 	 7.577401406301601e-05 	 0.0001637611729469646 	 5 	 3.285526560172376e-06 	 0.0003203388396168074
5	2	2	10000	1.0 	 7.555510928302434e-06 	 1.6377586710408165e-05 	 5 	 3.2855265599955146e-07 	 3.2033883959956336e-05
5	3	2	100	0.8 	 0.0033082498136543957 	 0.007218644488059854 	 4 	 0.0010428724943392174 	 0.10362340447756313
5	3	2	1000	1.0 	 7.295132057855806e-05 	 0.0003724438172163944 	 5 	 2.4420099190022447e-05 	 0.002380959671027194
5	3	2	10000	1.0 	 7.21108840753219e-06 	 3.734936926231037e-05 	 5 	 2.44200700554522e-06 	 0.00023809568304065942
5	4	2	100	1.0 	 0.0005517187987045826 	 0.002283387250250992 	 5 	 0.0001313710546184562 	 0.012808677825299472
5	4	2	1000	1.0 	 5.455102225536313e-05 	 0.00023392216396645832 	 5 	 1.3137105461848704e-05 	 0.00128086778253024
5	4	2	10000	1.0 	 5.451276252421576e-06 	 2.34518435389608e-05 	 5 	 1.3137105461963284e-06 	 0.0001280867782541412
5	5	2	100	1.0 	 0.0026221196373476838 	 0.008273471128493776 	 5 	 0.00012173682263016055 	 0.011869340206440603
5	5	2	1000	1.0 	 0.0002642747988839131 	 0.000859895722711836 	 5 	 1.2173682263019003e-05 	 0.0011869340206443477
5	5	2	10000	1.0 	 2.647349692619976e-05 	 8.634676917925596e-05 	 5 	 1.2173682263046614e-06 	 0.00011869340206470402
5	6	2	100	1.0 	 0.0025233927993830534 	 0.009108021977515842 	 5 	 0.00016093935158772337 	 0.015691586779802938
5	6	2	1000	1.0 	 0.0002067861260840211 	 0.0009183742136352227 	 5 	 1.6093935158780704e-05 	 0.0015691586779811098
5	6	2	10000	1.0 	 2.0358003240578064e-05 	 9.191704074065042e-05 	 5 	 1.6093935158897313e-06 	 0.00015691586779924792
5	7	2	100	0.8 	 0.007340692858004479 	 0.0054052312842105005 	 4 	 0.00030814008811137485 	 0.03004365859085884
5	7	2	1000	1.0 	 0.00013156985374641162 	 0.00023814479954137031 	 5 	 1.055660288865883e-05 	 0.0010292687816442318
5	7	2	10000	1.0 	 1.2892334909117315e-05 	 2.3850404923468142e-05 	 5 	 1.0556602888681567e-06 	 0.00010292687816464488
5	8	2	100	0.6 	 0.003980863182763138 	 0.015122769597259562 	 3 	 0.0025871076396581194 	 0.3425509395352099
5	8	2	1000	1.0 	 0.00032167561603863303 	 0.0031493600612530273 	 5 	 0.00042886945522653227 	 0.04181477188458703
5	8	2	10000	1.0 	 0.00029939239653536053 	 0.0030439239884804768 	 5 	 0.0004174298268760935 	 0.040699408120419264
5	9	2	100	0.8 	 0.008592909079329131 	 0.003487481651903809 	 4 	 0.00011015527418064416 	 0.010740139232612815
5	9	2	1000	1.0 	 0.0010655748205628253 	 0.0005130609973345872 	 5 	 1.2194428272990817e-05 	 0.0011889567566166067
5	9	2	10000	1.0 	 0.00011803682399454837 	 5.403823817403715e-05 	 5 	 1.2194428272924675e-06 	 0.0001188956756610158
5	10	2	100	0.8 	 0.009581532808164173 	 0.0046092923940840485 	 4 	 0.00010461825736311497 	 0.01020028009290369
5	10	2	1000	0.8 	 0.00938088675758224 	 0.0021534281029609993 	 4 	 8.212444538293401e-05 	 0.008007133424836015
5	10	2	10000	0.6666666666666666 	 0.0012270826041165194 	 0.0037565747628275016 	 5 	 0.00016374701764594943 	 0.18651929162531714
7	1	2	100	0.4444444444444444 	 0.011237123203861315 	 0.032975301136210514 	 6 	 0.0010049953197773449 	 0.314023606726892
7	1	2	1000	1.0 	 0.0006165224989884747 	 0.0021293572459196637 	 7 	 6.0438764553256445e-05 	 0.0057719020148359855
7	1	2	10000	1.0 	 6.233293684487614e-05 	 0.00021683258585875268 	 7 	 6.043879086393606e-06 	 0.0005771904527505888
7	2	2	100	0.8571428571428571 	 0.0066045355085015325 	 0.005488023606591317 	 6 	 0.0002094091143317302 	 0.020278519421011495
7	2	2	1000	1.0 	 0.0004194897203103033 	 0.0004961989710984225 	 7 	 1.1964819593196344e-05 	 0.0011426402711502545
7	2	2	10000	1.0 	 4.31097079913693e-05 	 5.0017778587172394e-05 	 7 	 1.1964819593294823e-06 	 0.00011426402711596593
7	3	2	100	0.8571428571428571 	 0.002904647351744849 	 0.01296383814398876 	 6 	 0.0012536922062483407 	 0.1832500020355277
7	3	2	1000	0.75 	 0.00025621096800183064 	 0.007838113840853362 	 7 	 0.0010769625567995733 	 0.17864005279823092
7	3	2	10000	0.75 	 0.00017156434890710595 	 0.007756631878535125 	 7 	 0.0010500127550720063 	 0.18262762619774045
7	4	2	100	0.75 	 0.002164535724865275 	 0.003708175967006354 	 7 	 0.00011538256992224811 	 0.05555554657259284
7	4	2	1000	1.0 	 0.00016447144182305478 	 0.00037075471036768297 	 7 	 1.4081835788052709e-05 	 0.0016074903901018493
7	4	2	10000	1.0 	 1.6477832481343366e-05 	 3.7164842252922556e-05 	 7 	 1.6832360105672527e-06 	 0.0001607490390091726
7	5	2	100	1.0 	 0.0048225759199449466 	 0.010772178969357744 	 7 	 0.00020946514358787235 	 0.020003921212641797
7	5	2	1000	1.0 	 0.0005010421606773094 	 0.0011261861876373884 	 7 	 2.094651435880419e-05 	 0.002000392121265799
7	5	2	10000	1.0 	 5.0325953947962395e-05 	 0.00011315829572540521 	 7 	 2.094651435878014e-06 	 0.00020003921212635023
7	6	2	100	1.0 	 0.005731534836645633 	 0.0046707434157679875 	 7 	 5.260365888501878e-05 	 0.00502364942351929
7	6	2	1000	1.0 	 0.0006254517169426022 	 0.0005037928792550963 	 7 	 5.2998088870190195e-06 	 0.0005061317487103159
7	6	2	10000	1.0 	 6.253407035844149e-05 	 5.064356931972945e-05 	 7 	 5.299808886935989e-07 	 5.061317487023865e-05
7	7	2	100	0.625 	 0.007673100265828554 	 0.009564563758967245 	 6 	 0.0005695406186592507 	 0.15911338087109436
7	7	2	1000	1.0 	 0.00016590994068214432 	 0.0002964316637091515 	 7 	 1.6872709353129594e-05 	 0.001611343743223876
7	7	2	10000	1.0 	 1.6888200289298688e-05 	 2.9800229603265074e-05 	 7 	 1.6872558796765028e-06 	 0.00016113293650910594
7	8	2	100	0.5714285714285714 	 0.008160269690745396 	 0.013679332234686762 	 4 	 0.002361176712268919 	 0.30289525555551794
7	8	2	1000	0.5 	 0.006366799455108672 	 0.010194126415059108 	 5 	 0.0009798718723363737 	 0.3328452130076327
7	8	2	10000	0.5 	 0.006357910364748612 	 0.010241699083454486 	 5 	 0.0009803248678142721 	 0.33322815104063697
7	9	2	100	0.3 	 0.012407224242714354 	 0.012841957392533552 	 6 	 0.000833339309552917 	 0.46506890281102325
7	9	2	1000	1.0 	 0.000311420473575725 	 0.00040177725204047906 	 7 	 1.7177564568981532e-05 	 0.0016404574163377335
7	9	2	10000	1.0 	 3.169724120137964e-05 	 4.034278304244953e-05 	 7 	 1.7177564687215604e-06 	 0.00016404574276290875
7	10	2	100	0.8571428571428571 	 0.009812054368127291 	 0.00408473574253302 	 6 	 0.00010511763875427094 	 0.010038734501032882
7	10	2	1000	0.8571428571428571 	 0.009460939634071843 	 0.0018527762795475257 	 6 	 7.368197705395413e-05 	 0.007036628808652613
7	10	2	10000	0.75 	 0.001238365911253855 	 0.0032081364315327825 	 7 	 0.00014467464650189888 	 0.16105524988401634
10	1	2	100	0.7272727272727273 	 0.019956750874779442 	 0.01946333748058923 	 9 	 0.0004229186766053217 	 0.06875875551132613
10	1	2	1000	0.9 	 0.004170606358751717 	 0.0028276944750594384 	 9 	 0.00013322565229188286 	 0.012343452679372457
10	1	2	10000	1.0 	 0.00017419017578086646 	 0.000249656233411543 	 10 	 6.02344049359489e-06 	 0.0005571682456575306
10	2	2	100	0.9 	 0.0074243884393541855 	 0.003998655390456377 	 9 	 0.00015560296669272608 	 0.014580706865085644
10	2	2	1000	1.0 	 0.0005431624880574313 	 0.000362512345179287 	 10 	 7.126191359177828e-06 	 0.000812281993153845
10	2	2	10000	1.0 	 5.253096027293371e-05 	 3.6288694572570766e-05 	 10 	 8.78142695326301e-07 	 8.122819931768261e-05
10	3	2	100	0.8 	 0.0020951065740852583 	 0.011327410900610072 	 8 	 0.0012001161942434505 	 0.16477364629742738
10	3	2	1000	0.8 	 0.0018253907178411388 	 0.009912077046393814 	 8 	 0.0012018377900822265 	 0.16378630425262267
10	3	2	10000	0.8181818181818182 	 7.999806552052724e-05 	 0.009562542661071635 	 10 	 0.0007110164603055968 	 0.1922367179630536
10	4	2	100	0.6363636363636364 	 0.006636699627845573 	 0.007935626838240997 	 8 	 0.0004987626995793965 	 0.12201351083055965
10	4	2	1000	0.9 	 0.003095006114527753 	 0.00032278009554059155 	 9 	 2.3046026420457686e-05 	 0.0021317574438923285
10	4	2	10000	0.9 	 0.0030371606540634415 	 8.613181281800899e-05 	 9 	 1.2781645971614978e-05 	 0.0011823022523743789
10	5	2	100	1.0 	 0.0073270947175274066 	 0.014592806775112594 	 10 	 0.00023276751246054307 	 0.027402967431613506
10	5	2	1000	1.0 	 0.0007751312067981807 	 0.0015522095432353726 	 10 	 2.962482965579236e-05 	 0.0027402967431607935
10	5	2	10000	1.0 	 7.808421695108219e-05 	 0.00015626737762035287 	 10 	 2.962482965578164e-06 	 0.00027402967431598013
10	6	2	100	0.8181818181818182 	 0.008620220696899971 	 0.008643103349133345 	 10 	 0.00022928648891062096 	 0.03235904598565561
10	6	2	1000	1.0 	 0.0009053068181814444 	 0.0009520818096847095 	 10 	 2.3774898950085194e-05 	 0.002199178152882895
10	6	2	10000	1.0 	 9.512647197143058e-05 	 9.788198487118556e-05 	 10 	 2.3774898950045964e-06 	 0.0002199178152879266
10	7	2	100	0.5454545454545454 	 0.013166061525221479 	 0.012486472081653027 	 7 	 0.0013078158152195157 	 0.23896514478047617
10	7	2	1000	0.6666666666666666 	 0.003052678918010348 	 0.004542786734038183 	 10 	 0.0007695265288551508 	 0.12263020862744775
10	7	2	10000	0.8181818181818182 	 0.0013955592295534015 	 0.0035164091229154372 	 10 	 0.0007448097033994028 	 0.10445558927507667
10	8	2	100	0.45454545454545453 	 0.010341516986292269 	 0.01777245683747627 	 6 	 0.0024846618793641514 	 0.47323132357162756
10	8	2	1000	0.4166666666666667 	 0.008185252547108814 	 0.014671515893455955 	 7 	 0.0014255139148790707 	 0.4919052871598659
10	8	2	10000	0.4166666666666667 	 0.00816653224300026 	 0.014657306060311607 	 7 	 0.001419494194158099 	 0.4919052871598659
10	9	2	100	0.6363636363636364 	 0.011666815164810844 	 0.009428886369485072 	 8 	 0.0007688921752098281 	 0.15983368604428175
10	9	2	1000	0.9 	 0.009254351721341461 	 0.0034723232029220436 	 9 	 0.00010426744090154171 	 0.009644738283392625
10	9	2	10000	0.9 	 0.009152968462828492 	 0.003131070658753354 	 9 	 9.157095299866259e-05 	 0.008470313152376303
10	10	2	100	0.6363636363636364 	 0.015063533925792051 	 0.00606101654043332 	 8 	 0.00047751306943271147 	 0.09888246198964726
10	10	2	1000	0.9 	 0.00989406633521742 	 0.001464190704931427 	 9 	 6.754391335709964e-05 	 0.006247811985531718
10	10	2	10000	1.0 	 0.0012251663435635903 	 0.002073124651751407 	 10 	 9.592668815390749e-05 	 0.00887321843683813
