2	1	0	0	1.0 	 1.0681944398917809e-11 	 1.9383096774511372e-11 	 2 	 5.607410330165395e-14 	 4.9625581421963716e-12
2	2	0	0	1.0 	 1.309413318119779e-09 	 1.2699021103804402e-09 	 2 	 7.755298169190911e-12 	 6.863438879733949e-10
2	3	0	0	1.0 	 4.694103395318255e-13 	 1.1741715388526201e-12 	 2 	 2.404542353051153e-15 	 2.1280199824502688e-13
2	4	0	0	1.0 	 1.9522173600527425e-13 	 3.6394348694299544e-13 	 2 	 3.2873891932544907e-15 	 2.9093394360302227e-13
2	5	0	0	1.0 	 2.0510336809052733e-14 	 3.412633319057829e-14 	 2 	 6.8996911134896715e-18 	 6.106226635438361e-16
2	6	0	0	1.0 	 8.36026147585457e-10 	 1.1368425195110302e-09 	 2 	 3.515262155436481e-12 	 3.1110070075612813e-10
2	7	0	0	1.0 	 9.680764522293913e-12 	 6.543598428377111e-12 	 2 	 3.9287782067180244e-14 	 3.4769687129454496e-12
2	8	0	0	1.0 	 4.6832090248440525e-14 	 1.1171541235690914e-13 	 2 	 3.882644362954646e-16 	 3.4361402612148595e-14
2	9	0	0	1.0 	 1.2503424298278292e-15 	 6.535449264879132e-16 	 2 	 6.115635305138576e-18 	 5.412337245047639e-16
2	10	0	0	1.0 	 2.9247488056182895e-13 	 2.6615356692200493e-13 	 2 	 1.6893854488589059e-15 	 1.495106122240131e-13
3	1	0	0	1.0 	 1.3214166636226493e-10 	 1.4278772990077674e-10 	 3 	 7.490305201481994e-13 	 6.554017051296766e-11
3	2	0	0	1.0 	 1.034507609565555e-09 	 5.414064438158141e-10 	 3 	 3.689481874775382e-12 	 3.2282966404284503e-10
3	3	0	0	1.0 	 7.897697489622039e-13 	 1.6308572562329134e-12 	 3 	 1.1203736351360091e-14 	 9.803269307440132e-13
3	4	0	0	1.0 	 2.296382159341801e-13 	 2.659390602950556e-13 	 3 	 1.9979256344575857e-15 	 1.748184930150387e-13
3	5	0	0	1.0 	 4.0974219458676754e-14 	 5.5217718066559e-14 	 3 	 2.5313084961453513e-16 	 2.2148949341271873e-14
3	6	0	0	1.0 	 8.348797754915873e-10 	 6.489213630213309e-10 	 3 	 2.3355523864105416e-12 	 2.043608338109236e-10
3	7	0	0	1.0 	 9.827586014425383e-12 	 4.136235083846224e-12 	 3 	 3.2054993580134245e-14 	 2.8048119382617634e-12
3	8	0	0	1.0 	 4.5636407192975476e-14 	 7.68191223148679e-14 	 3 	 2.569373285561082e-16 	 2.248201624865942e-14
3	9	0	0	1.0 	 2.8631098394363314e-15 	 1.906856873534132e-15 	 3 	 6.017012285245285e-18 	 5.26488574958961e-16
3	10	0	0	1.0 	 1.0026326756208252e-10 	 1.3336552531936094e-10 	 3 	 9.177236153552186e-13 	 8.030081634358144e-11
5	1	0	0	1.0 	 3.2593940277464287e-10 	 3.1131636421319775e-10 	 5 	 2.269594640554969e-12 	 1.940503417674488e-10
5	2	0	0	1.0 	 6.623003256308419e-10 	 4.210576074410893e-10 	 5 	 3.4986074912714617e-12 	 2.9913094050371125e-10
5	3	0	0	1.0 	 8.331345212636332e-13 	 9.725546191405322e-13 	 5 	 6.958209187522779e-15 	 5.949268855331979e-13
5	4	0	0	1.0 	 6.704574840728346e-11 	 9.683226727212064e-11 	 5 	 7.14487728240935e-12 	 6.108870076459993e-10
5	5	0	0	1.0 	 6.284082631292799e-06 	 9.517134900729627e-06 	 5 	 7.010133385302153e-08 	 5.9936640444333e-06
5	6	0	0	1.0 	 2.211412665865031e-09 	 1.3502174063484657e-09 	 5 	 1.0288451783182317e-11 	 8.796626274620856e-10
5	7	0	0	1.0 	 4.745217537038104e-10 	 7.343904775565646e-10 	 5 	 8.658242617017684e-12 	 7.402797437550122e-10
5	8	0	0	1.0 	 5.5479904096716634e-12 	 5.6980150061846985e-12 	 5 	 2.48771114169882e-13 	 2.126993026152491e-11
5	9	0	0	1.0 	 2.7882346368737864e-11 	 1.426292621704943e-11 	 5 	 4.9006780196628285e-14 	 4.1900797068117335e-12
5	10	0	0	1.0 	 8.427055410651639e-06 	 0.0001721277346085638 	 5 	 7.202006475216007e-06 	 0.000615771553630967
7	1	0	0	1.0 	 1.7621577176456726e-07 	 4.461218526380978e-07 	 7 	 1.0254444213653664e-07 	 8.562460918400818e-06
7	2	0	0	1.0 	 2.3540666438868244e-07 	 2.3644052097742528e-07 	 7 	 1.0892394980384415e-08 	 9.095149808621015e-07
7	3	0	0	0.875 	 0.0013482901133381711 	 0.0013781099259321022 	 8 	 0.001233713246064177 	 0.10301544966685908
7	4	0	0	1.0 	 4.7714431694611486e-09 	 5.402742686702231e-09 	 7 	 1.2079861757426082e-10 	 1.0086684567450765e-08
7	5	0	0	1.0 	 1.0796751490567715e-10 	 1.4613357568885372e-10 	 7 	 1.175202192712647e-12 	 9.812938309150532e-11
7	6	0	0	1.0 	 4.197140628768905e-09 	 2.2390088654163633e-09 	 7 	 3.441329259564312e-11 	 2.8735099317361845e-09
7	7	0	0	1.0 	 3.4999225880376284e-09 	 2.901560251549008e-09 	 7 	 3.491723402431592e-11 	 2.9155890410303975e-09
7	8	0	0	0.625 	 0.004028463330972148 	 0.0045605213036751645 	 6 	 7.767690688938899e-05 	 0.11639436889102424
7	9	0	0	0.8571428571428571 	 0.04054078611637393 	 0.0042217392608248005 	 6 	 8.509592358127965e-05 	 0.007105509619036818
7	10	0	0	0.7142857142857143 	 0.002209627888402669 	 0.006013979148137651 	 5 	 0.0008464563187396796 	 0.0706791026147634
10	1	0	0	1.0 	 2.0574577657583957e-05 	 1.753714417321957e-06 	 10 	 4.1237990477568367e-07 	 3.319658233444254e-05
10	2	0	0	1.0 	 3.3990731339818662e-06 	 2.546197120944157e-06 	 10 	 1.2832792267299255e-07 	 1.0330397775175865e-05
10	3	0	0	0.8181818181818182 	 0.002318353492751887 	 0.003034512673353449 	 10 	 0.00041344920896856877 	 0.19186860895881824
10	4	0	0	0.9 	 0.04710401947486617 	 0.0019437960130971336 	 9 	 6.270436993146404e-05 	 0.005047701779482846
10	5	0	0	1.0 	 5.341983745424536e-10 	 2.754343233719167e-10 	 10 	 3.81486164259253e-12 	 3.070963622286982e-10
10	6	0	0	1.0 	 0.00022759828508874634 	 0.0003197212415069878 	 10 	 0.00016359265908572697 	 0.01316920905640095
10	7	0	0	1.0 	 0.0007284256935825444 	 0.0005083806405488515 	 10 	 0.0005849385685074245 	 0.04857222657684258
10	8	0	0	0.7272727272727273 	 0.003989012730811189 	 0.0032787353988677375 	 9 	 5.878391186866106e-05 	 0.08564677804737206
10	9	0	0	0.9 	 0.008101049599881152 	 0.0009030094292836085 	 9 	 6.643216261678771e-05 	 0.005347789090651399
10	10	0	0	0.5 	 0.012322770653092558 	 0.008344144657122897 	 8 	 0.0011353909731712513 	 0.2605986665331141
2	1	1	100	1.0 	 0.0001913146741372135 	 0.0010633403102343038 	 2 	 1.3665162826483276e-05 	 0.0012093669101437693
2	1	1	1000	1.0 	 1.911900683314995e-05 	 0.00010640199276189091 	 2 	 1.3665161641315024e-06 	 0.00012093668052563789
2	1	1	10000	1.0 	 1.911769144537909e-06 	 1.0640842396006837e-05 	 2 	 1.3665149789322e-07 	 1.2093657563549964e-05
2	2	1	100	1.0 	 0.00036717598183491884 	 0.001208923070144202 	 2 	 7.949569515124206e-06 	 0.0007035369020884915
2	2	1	1000	1.0 	 3.672643407400478e-05 	 0.00012098382764990624 	 2 	 7.949588389368182e-07 	 7.035385724590833e-05
2	2	1	10000	1.0 	 3.6727723600587175e-06 	 1.2099496700169732e-05 	 2 	 7.949777151105119e-08 	 7.035552778728022e-06
2	3	1	100	0.6666666666666666 	 0.13925267117640977 	 0.006418174326184204 	 3 	 6.529226251017676e-05 	 0.005778365015639505
2	3	1	1000	1.0 	 2.4039602437435483e-05 	 8.536975166516556e-05 	 2 	 8.676432474237523e-07 	 7.678642739700203e-05
2	3	1	10000	1.0 	 2.40393532680665e-06 	 8.537631007073344e-06 	 2 	 8.676432683429885e-08 	 7.678642924835444e-06
2	4	1	100	1.0 	 0.00017040662488117535 	 0.00038442671929625753 	 2 	 6.063092147263113e-07 	 5.3658365503278516e-05
2	4	1	1000	1.0 	 1.70408036703503e-05 	 3.845547438173396e-05 	 2 	 6.063092511074416e-08 	 5.365836872300855e-06
2	4	1	10000	1.0 	 1.7040819579287017e-06 	 3.845675870727662e-06 	 2 	 6.063096149751974e-09 	 5.365840092530494e-07
2	5	1	100	1.0 	 0.00012477595613947593 	 0.0003689809820806623 	 2 	 5.260918665552322e-07 	 4.655913019013802e-05
2	5	1	1000	1.0 	 1.2477445576614155e-05 	 3.69098089753468e-05 	 2 	 5.26091866370195e-08 	 4.655913017376223e-06
2	5	1	10000	1.0 	 1.24774307955396e-06 	 3.691098080532861e-06 	 2 	 5.260918645480493e-09 	 4.6559130012502337e-07
2	6	1	100	1.0 	 0.00046166048012216405 	 0.0019346377704023373 	 2 	 2.2063121637591386e-05 	 0.001952586264926834
2	6	1	1000	1.0 	 4.625354947197424e-05 	 0.0001939253715666748 	 2 	 2.2063179076978596e-06 	 0.0001952591348312601
2	6	1	10000	1.0 	 4.627033277441189e-06 	 1.939904421556455e-05 	 2 	 2.2063753478760225e-07 	 1.9526421828702755e-05
2	7	1	100	1.0 	 0.0009444606450071374 	 0.0027782718364517305 	 2 	 7.441490418613755e-05 	 0.0065857190204731695
2	7	1	1000	1.0 	 9.755866180604627e-05 	 0.00028180511074251617 	 2 	 7.44149086054311e-06 	 0.0006585719411580648
2	7	1	10000	1.0 	 9.788339126532047e-06 	 2.8222086270156653e-05 	 2 	 7.4414952797799e-07 	 6.58572332260521e-05
2	8	1	100	1.0 	 0.0001184988894982722 	 0.0004373162102302501 	 2 	 5.14636175946997e-06 	 0.00045545301571309205
2	8	1	1000	1.0 	 1.1854704275793939e-05 	 4.375729108195714e-05 	 2 	 5.146361764136043e-07 	 4.554530161260395e-05
2	8	1	10000	1.0 	 1.1855187360274237e-06 	 4.375986234041627e-06 	 2 	 5.146361810872041e-08 	 4.554530202621754e-06
2	9	1	100	1.0 	 0.00044946076944428487 	 0.0007481587769611536 	 2 	 8.078400315591917e-06 	 0.0007149384279298843
2	9	1	1000	1.0 	 4.5048868972744496e-05 	 7.495639926119209e-05 	 2 	 8.078400315603522e-07 	 7.149384279309112e-05
2	9	1	10000	1.0 	 4.5059185176099845e-06 	 7.497050273595808e-06 	 2 	 8.07840031553139e-08 	 7.149384279245274e-06
2	10	1	100	1.0 	 0.0001407980310435544 	 0.0006720608382472182 	 2 	 7.193059090167606e-06 	 0.0006365857294798327
2	10	1	1000	1.0 	 1.4069891958750705e-05 	 6.725159815827111e-05 	 2 	 7.193059081339765e-07 	 6.365857286985688e-05
2	10	1	10000	1.0 	 1.4068903011299026e-06 	 6.7256151999799445e-06 	 2 	 7.193058993102124e-08 	 6.365857208895376e-06
3	1	1	100	1.0 	 0.0006930457120690456 	 0.0018621851437551616 	 3 	 1.9537010577401293e-05 	 0.0017094884255226114
3	1	1	1000	1.0 	 6.929303237122796e-05 	 0.00018646502669117837 	 3 	 1.9536978612377806e-06 	 0.00017094856285830565
3	1	1	10000	1.0 	 6.929112344386509e-06 	 1.864858233655957e-05 	 3 	 1.95366589550518e-07 	 1.709457658567031e-05
3	2	1	100	1.0 	 0.0007899546982388767 	 0.003432638047458877 	 3 	 5.2730114091142145e-05 	 0.004613884982974962
3	2	1	1000	1.0 	 7.872971301367749e-05 	 0.0003440429129447096 	 3 	 5.273009786262489e-06 	 0.00046138835629797026
3	2	1	10000	1.0 	 7.870289197994022e-06 	 3.4411906588640496e-05 	 3 	 5.272993558524922e-07 	 4.613869363709331e-05
3	3	1	100	0.75 	 0.14006287599175596 	 0.006413116453013231 	 4 	 6.571771190870186e-05 	 0.005750299714474504
3	3	1	1000	1.0 	 4.1237984227898114e-05 	 0.00012087679392588214 	 3 	 2.306386120388685e-06 	 0.0002018087855340106
3	3	1	10000	1.0 	 4.122353092635362e-06 	 1.2088661917922376e-05 	 3 	 2.306386047829742e-07 	 2.018087791851031e-05
3	4	1	100	1.0 	 0.0005874000937825062 	 0.0008693210026405324 	 3 	 1.054469127691045e-05 	 0.0009226604867296623
3	4	1	1000	1.0 	 5.8826388739331004e-05 	 8.69733770205206e-05 	 3 	 1.0544691307480758e-06 	 9.226604894045642e-05
3	4	1	10000	1.0 	 5.883505296319343e-06 	 8.697751037082583e-06 	 3 	 1.0544691613180668e-07 	 9.226605161533064e-06
3	5	1	100	1.0 	 0.0005636665867393578 	 0.000983414039864684 	 3 	 1.2729869381961578e-05 	 0.0011138635709216432
3	5	1	1000	1.0 	 5.682642160633789e-05 	 9.867970680039334e-05 	 3 	 1.2729869385256006e-06 	 0.00011138635712099054
3	5	1	10000	1.0 	 5.687313684672245e-06 	 9.871402171664062e-06 	 3 	 1.272986941806627e-07 	 1.1138635740808036e-05
3	6	1	100	1.0 	 0.0005242737248743045 	 0.0016892434282814684 	 3 	 3.3003070997597174e-05 	 0.0028877687122897564
3	6	1	1000	1.0 	 5.3354060516611055e-05 	 0.00016964127973138806 	 3 	 3.300306637675212e-06 	 0.00028877683079658135
3	6	1	10000	1.0 	 5.345854630096698e-06 	 1.6973131989127874e-05 	 3 	 3.300302016892963e-07 	 2.8877642647813455e-05
3	7	1	100	1.0 	 0.0006713951829288988 	 0.0009921198089806959 	 3 	 2.609843403086925e-05 	 0.0022836129777010633
3	7	1	1000	1.0 	 6.766095283380264e-05 	 0.00010012766832473854 	 3 	 2.6162285877862813e-06 	 0.00022892000143130004
3	7	1	10000	1.0 	 6.750943264238796e-06 	 1.0013485689969553e-05 	 3 	 2.616225642744689e-07 	 2.289197437401608e-05
3	8	1	100	1.0 	 0.0007959291565946948 	 0.0007682722636964137 	 3 	 1.3645685831883815e-05 	 0.0011939975102898369
3	8	1	1000	1.0 	 8.088598559645185e-05 	 7.746344605569241e-05 	 3 	 1.3645685832985828e-06 	 0.00011939975103862634
3	8	1	10000	1.0 	 8.101802775475028e-06 	 7.75284044831576e-06 	 3 	 1.3645685843892186e-07 	 1.1939975113405693e-05
3	9	1	100	0.75 	 0.13984136931529442 	 0.0069706447053583176 	 4 	 8.039121750119618e-05 	 0.007034231449926426
3	9	1	1000	1.0 	 6.41312044683378e-05 	 8.061141002315015e-05 	 3 	 3.214763215259024e-07 	 2.812917813351662e-05
3	9	1	10000	1.0 	 6.412278490294678e-06 	 8.060933809186104e-06 	 3 	 3.2147632134025725e-08 	 2.812917811727267e-06
3	10	1	100	1.0 	 0.00110672432413156 	 0.001553017937526681 	 3 	 1.7455389313082953e-05 	 0.0015273465648947548
3	10	1	1000	1.0 	 0.00011090083476345233 	 0.0001559804756242223 	 3 	 1.7455398488253101e-06 	 0.00015273473677221427
3	10	1	10000	1.0 	 1.1092449136253345e-05 	 1.5605028459396725e-05 	 3 	 1.7455490240934744e-07 	 1.5273553960817865e-05
5	1	1	100	1.0 	 0.0016282040924626084 	 0.0029606498736985502 	 5 	 5.055997061549844e-05 	 0.004322877487625107
5	1	1	1000	1.0 	 0.00016550283412220356 	 0.0002973309912821181 	 5 	 5.0559949420780855e-06 	 0.00043228756754767536
5	1	1	10000	1.0 	 1.6578661213936058e-05 	 2.9745752279809092e-05 	 5 	 5.055973748609363e-07 	 4.322857555060996e-05
5	2	1	100	0.8333333333333334 	 0.115544949931338 	 0.00894878258946163 	 6 	 0.00015740264956360517 	 0.01345792655209842
5	2	1	1000	1.0 	 0.0003185601879422448 	 0.000614269698594775 	 5 	 7.589817199516388e-06 	 0.0006489293705586457
5	2	1	10000	1.0 	 3.185675940614348e-05 	 6.146500834142863e-05 	 5 	 7.589842054810785e-07 	 6.489314956863168e-05
5	3	1	100	0.8333333333333334 	 0.1413964957080207 	 0.007049567708266539 	 6 	 7.525495422866861e-05 	 0.006434298564470723
5	3	1	1000	1.0 	 0.00048320123102255227 	 0.00041270687089995685 	 5 	 6.4316220048547005e-06 	 0.0005499036814150763
5	3	1	10000	1.0 	 4.842985959362697e-05 	 4.129771157318915e-05 	 5 	 6.431622033904785e-07 	 5.499036838988586e-05
5	4	1	100	0.6666666666666666 	 0.003207171624244392 	 0.002884432211448695 	 5 	 0.00021102283139980496 	 0.11352091761593834
5	4	1	1000	1.0 	 0.0003987516571835572 	 0.0003463483202255894 	 5 	 2.6023872310320847e-05 	 0.002225041082532433
5	4	1	10000	1.0 	 4.026721654103099e-05 	 3.4946491381808256e-05 	 5 	 2.602393356051295e-06 	 0.00022250463194238568
5	5	1	100	1.0 	 0.003043777539868565 	 0.004000687667611951 	 5 	 3.653717957106324e-05 	 0.003123928853325901
5	5	1	1000	1.0 	 0.0003079808918073843 	 0.00040372919706496637 	 5 	 3.65371796259434e-06 	 0.00031239288580181546
5	5	1	10000	1.0 	 3.0834794585475924e-05 	 4.041016014275169e-05 	 5 	 3.6537180174328646e-07 	 3.1239289049050933e-05
5	6	1	100	1.0 	 0.0029062017327346323 	 0.006467025984966401 	 5 	 8.559603259717817e-05 	 0.007318460787058712
5	6	1	1000	1.0 	 0.0002939910520825759 	 0.0006518984187607452 	 5 	 8.559606388550477e-06 	 0.0007318463462210635
5	6	1	10000	1.0 	 2.943855003042752e-05 	 6.524563977636546e-05 	 5 	 8.559637677469991e-07 	 7.31849021423682e-05
5	7	1	100	1.0 	 0.001219590401701719 	 0.0023521061908972764 	 5 	 7.05712951296406e-05 	 0.006033845733584252
5	7	1	1000	1.0 	 0.00031716028659251104 	 0.0003253891719630022 	 5 	 8.77949279061051e-06 	 0.0007506466335971962
5	7	1	10000	1.0 	 3.138721036520383e-05 	 3.254915953850721e-05 	 5 	 8.779457632305718e-07 	 7.506436275621364e-05
5	8	1	100	1.0 	 0.0019077278085968847 	 0.0016915921777465523 	 5 	 2.9834812085079324e-05 	 0.002550876433274278
5	8	1	1000	1.0 	 0.00019254139325291042 	 0.000169665164737788 	 5 	 2.983481084507111e-06 	 0.0002550876327253576
5	8	1	10000	1.0 	 1.927212841731181e-05 	 1.69716395250092e-05 	 5 	 2.9834798420160063e-07 	 2.5508752649236816e-05
5	9	1	100	0.5714285714285714 	 0.14865651200814445 	 0.008059921228055536 	 6 	 7.992965279443427e-05 	 0.05302394542061652
5	9	1	1000	1.0 	 0.00016015023735402707 	 0.0001424159047411783 	 5 	 2.043703463687177e-06 	 0.0001747366461452536
5	9	1	10000	1.0 	 1.6029313519188352e-05 	 1.4241147466139824e-05 	 5 	 2.043704526271449e-07 	 1.7473673699620884e-05
5	10	1	100	0.8 	 0.015247686606102965 	 0.02212552207384824 	 4 	 0.0011589596400416655 	 0.1912913850979806
5	10	1	1000	1.0 	 0.000181462706885992 	 0.0003213811525493142 	 5 	 1.0683750184835873e-05 	 0.0009134606408034621
5	10	1	10000	1.0 	 2.2785764194360955e-05 	 0.00013674785928097642 	 5 	 4.704920238037238e-06 	 0.00040227068035217985
7	1	1	100	0.8571428571428571 	 0.007204765627808244 	 0.004999069559027636 	 6 	 0.00024041066430091775 	 0.020074290469126583
7	1	1	1000	0.8571428571428571 	 0.0062254660053302855 	 0.001055524675518698 	 6 	 0.00019932254030515377 	 0.01664343211548035
7	1	1	10000	1.0 	 8.696445660148122e-05 	 5.39471699841806e-05 	 7 	 4.226633625139162e-06 	 0.0003529239076991217
7	2	1	100	0.75 	 0.12275374984680726 	 0.009758267817703956 	 7 	 0.00020147753026013865 	 0.024014164828067595
7	2	1	1000	1.0 	 0.003563270637275192 	 0.001462516889666766 	 7 	 5.000042899958358e-05 	 0.004175035798191635
7	2	1	10000	1.0 	 0.0040036281224117174 	 0.0009172916610622986 	 7 	 4.812910250068003e-05 	 0.004018780058806775
7	3	1	100	0.5555555555555556 	 0.14811987532219015 	 0.013675405893554036 	 7 	 0.0015475904370838831 	 0.35800965602866475
7	3	1	1000	1.0 	 0.0010285489756762488 	 0.0008994920657384965 	 7 	 5.745390117013801e-05 	 0.00479740074770653
7	3	1	10000	1.0 	 0.00010258438948439755 	 9.00908131204536e-05 	 7 	 5.744034009552803e-06 	 0.0004796268397976596
7	4	1	100	0.75 	 0.008260588563080653 	 0.007403364669184461 	 7 	 0.00034314743532797145 	 0.10715739930629178
7	4	1	1000	1.0 	 0.0015100649742481465 	 0.0010992245223928154 	 7 	 4.755819594681756e-05 	 0.0045904957774326426
7	4	1	10000	1.0 	 0.00015282997616847415 	 0.00011133379591365295 	 7 	 5.497626966834032e-06 	 0.0004590518517306394
7	5	1	100	0.2222222222222222 	 0.13355488212878538 	 0.07434596264381822 	 4 	 0.002927422942574063 	 0.5447131538740655
7	5	1	1000	0.2222222222222222 	 0.1337109650430771 	 0.07471672876405093 	 4 	 0.0029482740443116666 	 0.543760217480127
7	5	1	10000	0.2222222222222222 	 0.13377413987188538 	 0.07476772491331725 	 4 	 0.0029504348002872697 	 0.5436528104911373
7	6	1	100	1.0 	 0.0038448258835231896 	 0.006251602000322224 	 7 	 0.0001230550548778566 	 0.010275097082301054
7	6	1	1000	1.0 	 0.00039097166499154273 	 0.00063137999915943 	 7 	 1.2305462472727294e-05 	 0.0010275061164727317
7	6	1	10000	1.0 	 3.917519844574601e-05 	 6.320187899673774e-05 	 7 	 1.2305032121080178e-06 	 0.00010274701821101975
7	7	1	100	1.0 	 0.0022341626016470447 	 0.0039486252145402335 	 7 	 0.00014443796714483113 	 0.012060570256593373
7	7	1	1000	1.0 	 0.0007793928307402286 	 0.0006157281992151385 	 7 	 1.9960696214811817e-05 	 0.0016667181339367824
7	7	1	10000	1.0 	 0.0001022965615649553 	 7.258574122051274e-05 	 7 	 2.2735590009877108e-06 	 0.00018984217658247338
7	8	1	100	1.0 	 0.0031870626482187804 	 0.004735918523747273 	 7 	 3.847420225752285e-05 	 0.003212595888503166
7	8	1	1000	1.0 	 0.00031657919005449 	 0.00047744802879386107 	 7 	 3.847421587352052e-06 	 0.00032125970254389714
7	8	1	10000	1.0 	 3.1637294806545626e-05 	 4.778400195706293e-05 	 7 	 3.847435206245386e-07 	 3.2126083972149055e-05
7	9	1	100	0.6666666666666666 	 0.12419762569467888 	 0.011642459647995828 	 8 	 0.00024064210435965512 	 0.04943332254552902
7	9	1	1000	1.0 	 0.0005281170825661955 	 0.0008648023552661854 	 7 	 1.5180239015592661e-05 	 0.001267549938162796
7	9	1	10000	1.0 	 0.00012471946985705793 	 9.760105660860675e-05 	 7 	 1.5713622505160175e-06 	 0.00013120874791808755
7	10	1	100	0.7142857142857143 	 0.020032209563957966 	 0.025832513563703266 	 5 	 0.00159856902409365 	 0.41058094000677237
7	10	1	1000	0.75 	 0.0003656286386268112 	 0.0035437632913550426 	 7 	 0.00053057521801762 	 0.0609348169562344
7	10	1	10000	0.75 	 0.0013638666252442754 	 0.010047934422290634 	 7 	 0.0008655664869346699 	 0.09052496034831702
10	1	1	100	0.7272727272727273 	 0.012561054054044951 	 0.0138418240829447 	 9 	 0.0006028505842996305 	 0.16489104615079817
10	1	1	1000	1.0 	 0.0007267905591170153 	 0.0008794621958359527 	 10 	 4.660823533637022e-05 	 0.0037519629445777916
10	1	1	10000	1.0 	 7.170300375675129e-05 	 8.736572307084029e-05 	 10 	 4.3320044569270744e-06 	 0.0003487263587826286
10	2	1	100	0.7272727272727273 	 0.05560694013675136 	 0.034909435597968906 	 9 	 0.0008056885075700558 	 0.1967382597910786
10	2	1	1000	0.8181818181818182 	 0.00786311772268994 	 0.0027882480120324958 	 10 	 0.00014448269036860972 	 0.02070377228481627
10	2	1	10000	1.0 	 0.0017670120820727925 	 0.00039158333855696765 	 10 	 1.8432244907315753e-05 	 0.0014837957150389113
10	3	1	100	0.4166666666666667 	 0.1031487956483053 	 0.02702342590667376 	 7 	 0.001471170850811306 	 0.3693013395717002
10	3	1	1000	0.7272727272727273 	 0.016365868472507896 	 0.005942465813652698 	 9 	 0.00041190663425904684 	 0.09059115131183877
10	3	1	10000	0.8181818181818182 	 0.0020463084913930883 	 0.0016400385094908652 	 10 	 0.0001914819991662008 	 0.08702483344007322
10	4	1	100	0.9 	 0.015647562246931444 	 0.011903134065739639 	 9 	 0.0005894378881665537 	 0.04807949556557376
10	4	1	1000	1.0 	 0.00280455170143407 	 0.0013916579286167407 	 10 	 5.012841608248121e-05 	 0.004555470363498315
10	4	1	10000	1.0 	 0.0002738432760061241 	 0.00013989644639387537 	 10 	 5.654779740098603e-06 	 0.0004552097690779377
10	5	1	100	0.8181818181818182 	 0.01829848281875957 	 0.012723576791493036 	 10 	 0.0005613244873465431 	 0.10280298731095888
10	5	1	1000	1.0 	 0.002059223371149202 	 0.001439255801823594 	 10 	 5.749773448982388e-05 	 0.004628567706214865
10	5	1	10000	1.0 	 0.00023616874372056975 	 0.00015264108895881012 	 10 	 6.225245506901259e-06 	 0.0005011322616753373
10	6	1	100	0.8 	 0.012581685143278211 	 0.00820853752775765 	 8 	 0.0008597478624006874 	 0.07851773502956187
10	6	1	1000	0.9 	 0.0031207082062172484 	 0.0015628910410650438 	 9 	 0.0005536931928396817 	 0.04550310260179463
10	6	1	10000	0.8181818181818182 	 0.0012187619089082426 	 0.00168785125179127 	 10 	 3.528510717748858e-05 	 0.1343702583369903
10	7	1	100	0.9 	 0.0035449486912717534 	 0.005209777191563446 	 9 	 0.000689596721727038 	 0.11085864920618897
10	7	1	1000	0.9 	 0.0008149177648902483 	 0.0009321146773439335 	 9 	 0.000613229684189807 	 0.04977885169167619
10	7	1	10000	0.9 	 0.0010757160906512027 	 0.0007741631654932299 	 9 	 0.0006006069691732746 	 0.04905556056273454
10	8	1	100	0.7272727272727273 	 0.019326942094615957 	 0.009246984331869755 	 9 	 0.0001922744480070484 	 0.05460051107155958
10	8	1	1000	1.0 	 0.0008087335755121819 	 0.0008171367455452253 	 10 	 2.0330625991129104e-05 	 0.0016366153922858914
10	8	1	10000	1.0 	 8.088456741223292e-05 	 8.183204108243637e-05 	 10 	 2.033052096415516e-06 	 0.0001636606937614488
10	9	1	100	0.6153846153846154 	 0.13272027277428333 	 0.013925567553032482 	 11 	 0.00021816136159016664 	 0.11050951529283407
10	9	1	1000	0.8181818181818182 	 0.004582244352933379 	 0.004019238690042283 	 10 	 0.00010875760253623043 	 0.07082696131720068
10	9	1	10000	1.0 	 0.0005339780029966576 	 0.00043682316476922564 	 10 	 1.223663982735999e-05 	 0.0009994100105025514
10	10	1	100	0.7 	 0.02249926235774139 	 0.020264984660322338 	 7 	 0.002117015286001322 	 0.3687837236927662
10	10	1	1000	0.42857142857142855 	 0.004557812525867108 	 0.008277831949616848 	 10 	 0.0008255539389480653 	 0.35492723665081155
10	10	1	10000	0.7272727272727273 	 0.0012992102284194221 	 0.004130432166726939 	 9 	 0.0010188559473255038 	 0.16531640490953367
2	1	2	100	1.0 	 0.00013255849064135913 	 0.0007273677807159857 	 2 	 1.216534655744403e-05 	 0.0010766331703337961
2	1	2	1000	1.0 	 1.3228031849069237e-05 	 7.273880573772203e-05 	 2 	 1.2165347062150164e-06 	 0.00010766332150002889
2	1	2	10000	1.0 	 1.322516980709015e-06 	 7.273889430322133e-06 	 2 	 1.2165352108389797e-07 	 1.0766336615924965e-05
2	2	2	100	0.3333333333333333 	 0.0014533935040590674 	 0.001978782033121723 	 2 	 2.9851117573816398e-05 	 0.05876879483242138
2	2	2	1000	1.0 	 0.00023001338634573025 	 0.00021345124406817588 	 2 	 2.6795668469926997e-06 	 0.00023714166595885367
2	2	2	10000	1.0 	 2.3085250265406272e-05 	 2.1347745961996134e-05 	 2 	 2.679636644452492e-07 	 2.371478430340453e-05
2	3	2	100	1.0 	 0.00019341126947060338 	 0.0005895762664322608 	 2 	 5.408439745641252e-06 	 0.0004786469174892505
2	3	2	1000	1.0 	 1.9329769453792986e-05 	 5.894940930945487e-05 	 2 	 5.408439723994097e-07 	 4.7864691557347745e-05
2	3	2	10000	1.0 	 1.932863976478538e-06 	 5.894859644071416e-06 	 2 	 5.408439507610376e-08 	 4.78646896423518e-06
2	4	2	100	1.0 	 0.0005312719033363164 	 0.0021711468940327147 	 2 	 4.629440847028689e-05 	 0.004097055149620388
2	4	2	1000	1.0 	 5.3081688904409296e-05 	 0.00021738200499337397 	 2 	 4.629440844071106e-06 	 0.0004097055147002926
2	4	2	10000	1.0 	 5.307746259220909e-06 	 2.1740877464977612e-05 	 2 	 4.62944081448178e-07 	 4.097055120816373e-05
2	5	2	100	1.0 	 9.246279672894944e-05 	 0.0005184297588150323 	 2 	 8.291234188313323e-06 	 0.0007337742256657285
2	5	2	1000	1.0 	 9.2639657372778e-06 	 5.1876358742531e-05 	 2 	 8.291234188375107e-07 	 7.337742256711965e-05
2	5	2	10000	1.0 	 9.265741611253824e-07 	 5.187970968651291e-06 	 2 	 8.291234189000784e-08 	 7.337742257265689e-06
2	6	2	100	0.3333333333333333 	 0.001347807037854551 	 0.0033154506587769667 	 2 	 4.334240493000783e-05 	 0.2748751361591088
2	6	2	1000	1.0 	 8.209178133858834e-05 	 0.0002541221054585015 	 2 	 3.937160023877387e-06 	 0.0003484386621131482
2	6	2	10000	1.0 	 8.217903877901025e-06 	 2.543049468057034e-05 	 2 	 3.937128386703653e-07 	 3.484358622232727e-05
2	7	2	100	0.6666666666666666 	 0.032799066034330464 	 0.006068233744176054 	 3 	 0.00015249333163847384 	 0.013495659850005014
2	7	2	1000	1.0 	 0.00010055842113747089 	 0.00011183505853585161 	 2 	 6.106177387828294e-07 	 5.403966988228037e-05
2	7	2	10000	1.0 	 1.00508770913783e-05 	 1.1183893852439051e-05 	 2 	 6.106180923573437e-08 	 5.403970117362489e-06
2	8	2	100	1.0 	 0.0004021573523389146 	 0.0016159817902884036 	 2 	 1.8471450072166432e-05 	 0.0016347233313867282
2	8	2	1000	1.0 	 4.0107069036545294e-05 	 0.00016173878729586644 	 2 	 1.8471450068676756e-06 	 0.0001634723331077892
2	8	2	10000	1.0 	 4.0096236774800194e-06 	 1.617528626489808e-05 	 2 	 1.8471450033842723e-07 	 1.63472332799508e-05
2	9	2	100	0.6666666666666666 	 0.14699659533096893 	 0.006426361878904138 	 3 	 6.463738373683803e-05 	 0.005720408408289458
2	9	2	1000	1.0 	 0.00010314191405235919 	 8.199822008709281e-05 	 2 	 1.2516302999075462e-06 	 0.00011076928154181778
2	9	2	10000	1.0 	 1.0269051656477331e-05 	 8.200420887869708e-06 	 2 	 1.2516302998509767e-07 	 1.1076928153681137e-05
2	10	2	100	1.0 	 0.006476727709359915 	 0.001410937019629048 	 2 	 1.3891435630745218e-05 	 0.0012293920533209511
2	10	2	1000	1.0 	 0.0006204834487354407 	 0.00014125834869515162 	 2 	 1.389143561553128e-06 	 0.00012293920519745177
2	10	2	10000	1.0 	 6.17890918112651e-05 	 1.4127483534184135e-05 	 2 	 1.3891435463352321e-07 	 1.2293920385066798e-05
3	1	2	100	1.0 	 0.0010219993481479608 	 0.0021301507007720757 	 3 	 1.8642511560275313e-05 	 0.0016312203985193287
3	1	2	1000	1.0 	 0.00013716696672198256 	 0.00023887137035822684 	 3 	 2.4803905971169648e-06 	 0.00021703417724773516
3	1	2	10000	1.0 	 1.3724291024919342e-05 	 2.3890064741150588e-05 	 3 	 2.4803866346147335e-07 	 2.1703383052878996e-05
3	2	2	100	0.5 	 0.00989679206048458 	 0.002540204696594357 	 3 	 1.0020260728510361e-05 	 0.025645141304819655
3	2	2	1000	1.0 	 0.0006835666124264444 	 0.00027778373278803824 	 3 	 2.391934119729861e-06 	 0.0002092942354763628
3	2	2	10000	1.0 	 6.789245612981165e-05 	 2.7779796953697384e-05 	 3 	 2.391907059856193e-07 	 2.0929186773741695e-05
3	3	2	100	1.0 	 0.0009054676208606337 	 0.00216889643956645 	 3 	 4.243059917695528e-05 	 0.003712677427983605
3	3	2	1000	1.0 	 9.125111070108495e-05 	 0.00021801865611017894 	 3 	 4.24305992777951e-06 	 0.00037126774368070886
3	3	2	10000	1.0 	 9.132263635879774e-06 	 2.181331051833454e-05 	 3 	 4.243060028617578e-07 	 3.7126775250403976e-05
3	4	2	100	1.0 	 0.0008009502851478733 	 0.002567114290784692 	 3 	 4.204724044300572e-05 	 0.0036791335387630067
3	4	2	1000	1.0 	 8.035894796533026e-05 	 0.0002573135567204571 	 3 	 4.2047240460978644e-06 	 0.00036791335403356384
3	4	2	10000	1.0 	 8.03854926841928e-06 	 2.5737405598927272e-05 	 3 	 4.20472406406397e-07 	 3.67913355605598e-05
3	5	2	100	1.0 	 0.00042324425739304733 	 0.001195620228833337 	 3 	 2.5796302085297262e-05 	 0.002257176432463523
3	5	2	1000	1.0 	 4.197549226225151e-05 	 0.00011962880962016006 	 3 	 2.5796302083020512e-06 	 0.00022571764322643073
3	5	2	10000	1.0 	 4.194113937979549e-06 	 1.1963549992930175e-05 	 3 	 2.5796302060295835e-07 	 2.257176430275898e-05
3	6	2	100	1.0 	 0.0005517444981027799 	 0.0013093544023644564 	 3 	 1.9873306657030455e-05 	 0.001738914332490168
3	6	2	1000	1.0 	 5.5558863368245344e-05 	 0.00013097853059210123 	 3 	 1.9873287290004853e-06 	 0.00017389126378754275
3	6	2	10000	1.0 	 5.560483570670957e-06 	 1.3098655922833649e-05 	 3 	 1.9873093623358642e-07 	 1.738895692043884e-05
3	7	2	100	1.0 	 0.00045219760722652703 	 0.0025967195020421088 	 3 	 5.5208855471937135e-05 	 0.0048307748537945
3	7	2	1000	1.0 	 4.550282492618324e-05 	 0.00026067943188491996 	 3 	 5.5208855183344215e-06 	 0.00048307748285426194
3	7	2	10000	1.0 	 4.553171110585361e-06 	 2.607811683247155e-05 	 3 	 5.52088522973488e-07 	 4.830774576018021e-05
3	8	2	100	1.0 	 0.0011540747807974993 	 0.004069730347256185 	 3 	 6.64981582268298e-05 	 0.005818588844847594
3	8	2	1000	1.0 	 0.00011516857355139382 	 0.0004088701131679049 	 3 	 6.649815822452624e-06 	 0.0005818588844646033
3	8	2	10000	1.0 	 1.1514634736616603e-05 	 4.0906264818348644e-05 	 3 	 6.649815820147802e-07 	 5.818588842629313e-05
3	9	2	100	1.0 	 0.004372149028812447 	 0.0007044759792692605 	 3 	 1.1088747445569127e-05 	 0.0009702654014873005
3	9	2	1000	1.0 	 0.0004005603151493736 	 7.047200892867445e-05 	 3 	 1.108874744552665e-06 	 9.702654014835839e-05
3	9	2	10000	1.0 	 3.972373634996304e-05 	 7.047445225256811e-06 	 3 	 1.1088747445055599e-07 	 9.702654014423669e-06
3	10	2	100	1.0 	 0.0033793699093709 	 0.000875880702942649 	 3 	 1.836077392546862e-05 	 0.0016065677184785047
3	10	2	1000	1.0 	 0.00034640537339364374 	 8.855670601105967e-05 	 3 	 1.836076695179374e-06 	 0.00016065671082819526
3	10	2	10000	1.0 	 3.472761851060207e-05 	 8.865521724652644e-06 	 3 	 1.8360697215566032e-07 	 1.6065610063620284e-05
5	1	2	100	0.6666666666666666 	 0.004803734900046433 	 0.002454102563324451 	 5 	 3.429876591831186e-05 	 0.06213367625944557
5	1	2	1000	1.0 	 0.00020113847959398772 	 0.00016844737263615575 	 5 	 2.945268746733903e-06 	 0.00025182047784574885
5	1	2	10000	1.0 	 2.0126458497479776e-05 	 1.6851217789071206e-05 	 5 	 2.9452622662572537e-07 	 2.5181992376499533e-05
5	2	2	100	0.6666666666666666 	 0.008397327600216211 	 0.004358713463171106 	 5 	 5.8536915620156304e-05 	 0.0192495988733234
5	2	2	1000	1.0 	 0.0006511713435372406 	 0.000419399961276104 	 5 	 5.856696721708758e-06 	 0.0005007475697060993
5	2	2	10000	1.0 	 6.553732697896401e-05 	 4.201409216249797e-05 	 5 	 5.85672295248082e-07 	 5.007498124371106e-05
5	3	2	100	1.0 	 0.001342947387736572 	 0.0019560027848650155 	 5 	 4.481621326785104e-05 	 0.003831786234401259
5	3	2	1000	1.0 	 0.0001317174957701841 	 0.00019574920483035252 	 5 	 4.481621321027583e-06 	 0.00038317862294785787
5	3	2	10000	1.0 	 1.3146673261941134e-05 	 1.95764149817398e-05 	 5 	 4.4816212634527805e-07 	 3.8317861802521225e-05
5	4	2	100	1.0 	 0.0021681291235901338 	 0.003866023955703719 	 5 	 0.0002038154145465405 	 0.0174262179437292
5	4	2	1000	1.0 	 0.00021727098942110723 	 0.00039437717847505186 	 5 	 2.038154771892298e-05 	 0.0017426223299679133
5	4	2	10000	1.0 	 2.1740644225714375e-05 	 3.952232507889019e-05 	 5 	 2.0381610177001652e-06 	 0.00017426276701336396
5	5	2	100	1.0 	 0.0016596266166186095 	 0.0022707802625958375 	 5 	 5.4056170956934283e-05 	 0.004621802616817869
5	5	2	1000	1.0 	 0.00016560591941442828 	 0.00022772636281463075 	 5 	 5.349428674458039e-06 	 0.0004573761516661612
5	5	2	10000	1.0 	 1.7809502785055355e-05 	 2.269548801211491e-05 	 5 	 4.78754446220641e-07 	 4.0933505151864724e-05
5	6	2	100	0.6666666666666666 	 0.013314653841981388 	 0.006947067473818762 	 5 	 0.0001296210226581925 	 0.16229714617304813
5	6	2	1000	1.0 	 0.0007999053671854906 	 0.0005059556006990468 	 5 	 1.0843189272730128e-05 	 0.000927092682818426
5	6	2	10000	1.0 	 7.925172460484107e-05 	 5.0653417836144717e-05 	 5 	 1.0843125109647407e-06 	 9.270871968748533e-05
5	7	2	100	1.0 	 0.001182064659687901 	 0.0020521372143117852 	 5 	 3.158113908802703e-05 	 0.002700187392026309
5	7	2	1000	1.0 	 0.00011622696288884777 	 0.00020582877836996364 	 5 	 3.1581208371147615e-06 	 0.00027001933157331197
5	7	2	10000	1.0 	 1.160466343237773e-05 	 2.058898513227933e-05 	 5 	 3.15819012313846e-07 	 2.7002525552833813e-05
5	8	2	100	1.0 	 0.001124590909463828 	 0.0024980702249656037 	 5 	 4.567637848839643e-05 	 0.0039053303607578943
5	8	2	1000	1.0 	 0.00011439579343812757 	 0.0002526070769535975 	 5 	 4.56763763080106e-06 	 0.00039053301743349067
5	8	2	10000	1.0 	 1.1459534513938749e-05 	 2.528942952755795e-05 	 5 	 4.5676354546690596e-07 	 3.905328313742046e-05
5	9	2	100	1.0 	 0.005678370808883235 	 0.0018866842412694435 	 5 	 2.798618393512205e-05 	 0.002392818726452947
5	9	2	1000	1.0 	 0.0005421335088484514 	 0.0001889498621885728 	 5 	 2.79861841483364e-06 	 0.00023928187446827735
5	9	2	10000	1.0 	 5.3971397017177443e-05 	 1.889780729909421e-05 	 5 	 2.798618628048776e-07 	 2.3928189269817154e-05
5	10	2	100	0.8 	 0.0008060591746941669 	 0.0024389413726699765 	 4 	 0.00010640181452226833 	 0.009097355141653926
5	10	2	1000	0.8 	 0.0012503451928019239 	 0.0026507241750596193 	 4 	 0.00011297361534104781 	 0.009659244111659582
5	10	2	10000	1.0 	 1.0306387341039144e-05 	 0.00018234706372314037 	 5 	 7.135839947391007e-06 	 0.0006101143155019298
7	1	2	100	1.0 	 0.0012941783283437862 	 0.00266970197539896 	 7 	 0.00020991951864151367 	 0.017528279806566426
7	1	2	1000	1.0 	 0.00012739436166298897 	 0.00026768315444018005 	 7 	 2.108471777079733e-05 	 0.0017605739338615789
7	1	2	10000	1.0 	 1.2874733693414645e-05 	 2.7021538307702207e-05 	 7 	 2.1994583764887173e-06 	 0.0001836547744368081
7	2	2	100	0.75 	 0.012614358839307388 	 0.00731060817044188 	 7 	 0.00029618876958866565 	 0.03767216050829543
7	2	2	1000	1.0 	 0.001668190506744699 	 0.0015765892993099694 	 7 	 7.708580635912499e-05 	 0.006436664830986956
7	2	2	10000	1.0 	 0.0001724823259764443 	 0.0001625586644232906 	 7 	 7.718064546748076e-06 	 0.0006444583896534664
7	3	2	100	1.0 	 0.0010823451124935628 	 0.0012426714080079238 	 7 	 0.00010850039790960146 	 0.009059783225451723
7	3	2	1000	0.6666666666666666 	 0.007746808021486597 	 0.002592701692002579 	 8 	 0.0004737341461632738 	 0.22575565861709163
7	3	2	10000	0.5555555555555556 	 0.014488806694089723 	 0.008260618428219605 	 7 	 0.0017715124387171943 	 0.40757571723144115
7	4	2	100	1.0 	 0.0028391754311987015 	 0.003155718875343443 	 7 	 0.00010055262637529932 	 0.008396144302337484
7	4	2	1000	1.0 	 0.00031286257851333285 	 0.0003255702951311952 	 7 	 1.0055220653078231e-05 	 0.0008396109245320316
7	4	2	10000	1.0 	 3.1621367142868896e-05 	 3.2670403252593376e-05 	 7 	 1.0054800575416123e-06 	 8.395758480472455e-05
7	5	2	100	1.0 	 0.0031283703331167092 	 0.003925540511515656 	 7 	 0.00010184863345685501 	 0.008504360893647395
7	5	2	1000	1.0 	 0.00031399356269940464 	 0.00039479357487739964 	 7 	 1.0133181936568099e-05 	 0.0008461206917034364
7	5	2	10000	1.0 	 0.0003361385983236016 	 0.00036427994479302253 	 7 	 3.389933098926873e-06 	 0.00028305940749743966
7	6	2	100	1.0 	 0.00818645286401001 	 0.0032632925707392468 	 7 	 7.685407915225618e-05 	 0.006417315609213408
7	6	2	1000	1.0 	 0.0007506659568063985 	 0.0003280148579954083 	 7 	 7.685432388281541e-06 	 0.0006417336044215106
7	6	2	10000	1.0 	 7.449501543880405e-05 	 3.281792397585531e-05 	 7 	 7.685677017685777e-07 	 6.417540309767641e-05
7	7	2	100	1.0 	 0.0013583067310238724 	 0.002428432534755135 	 7 	 6.30236530451354e-05 	 0.005262475029268811
7	7	2	1000	1.0 	 0.00013471651115259177 	 0.00024333314813110684 	 7 	 6.302354940672184e-06 	 0.0005262466375461279
7	7	2	10000	1.0 	 1.3463542674707903e-05 	 2.4339552331200493e-05 	 7 	 6.302251302144409e-07 	 5.262379837290587e-05
7	8	2	100	0.625 	 0.0036397421231022654 	 0.00394737927031633 	 6 	 5.893152608554056e-05 	 0.11482912959390289
7	8	2	1000	0.625 	 0.00382501848413681 	 0.004391486563654779 	 6 	 7.429771634277226e-05 	 0.11611220648038173
7	8	2	10000	0.625 	 0.004008101690601929 	 0.0045436302346833985 	 6 	 7.733898783447444e-05 	 0.11636615264993887
7	9	2	100	0.75 	 0.03237744900844614 	 0.004402318007973614 	 7 	 8.408851237083237e-05 	 0.015089978595989933
7	9	2	1000	0.8571428571428571 	 0.0405578953119664 	 0.004400531550933271 	 6 	 8.841526851980054e-05 	 0.0073826749214033136
7	9	2	10000	0.8571428571428571 	 0.04054251025315205 	 0.004239625238360185 	 6 	 8.542785807513157e-05 	 0.007133226149273454
7	10	2	100	0.7142857142857143 	 0.0011729191502200902 	 0.005729715948228804 	 5 	 0.0008464563187396787 	 0.07067910261476334
7	10	2	1000	0.7142857142857143 	 0.002106034557905811 	 0.00598577600105996 	 5 	 0.0008464563187396792 	 0.07067910261476337
7	10	2	10000	0.7142857142857143 	 0.002199269299480101 	 0.006011161036941955 	 5 	 0.0008464563187396785 	 0.07067910261476332
10	1	2	100	0.9 	 0.008525575949718872 	 0.0026354004179256164 	 9 	 0.000140368912773447 	 0.01174970157366458
10	1	2	1000	0.9 	 0.006429717053706208 	 0.0004813341541157022 	 9 	 8.662868793591179e-05 	 0.0070446878850537326
10	1	2	10000	1.0 	 5.6132852438198016e-05 	 2.5248773575949726e-05 	 10 	 1.0338120747932029e-06 	 8.322187202085289e-05
10	2	2	100	0.8181818181818182 	 0.014566379695432506 	 0.00517894840706364 	 10 	 0.0001336603058006682 	 0.017985451242637295
10	2	2	1000	1.0 	 0.0013616033523146033 	 0.0007028983671146187 	 10 	 1.9024495740680287e-05 	 0.0015314719071247644
10	2	2	10000	1.0 	 0.00013864907687224083 	 7.233539219816989e-05 	 10 	 2.0121446435418445e-06 	 0.0001619776438051186
10	3	2	100	0.9 	 0.01581112283912207 	 0.007344605909695236 	 9 	 0.0007499840316307879 	 0.06218825421194324
10	3	2	1000	0.8181818181818182 	 0.0030642353219554625 	 0.0034298333214422775 	 10 	 0.00042513991877895455 	 0.19245110291133014
10	3	2	10000	0.8181818181818182 	 0.0077187549822331685 	 0.006990972871768919 	 10 	 0.0006097103839272394 	 0.21983690306431877
10	4	2	100	0.9 	 0.050813726606773794 	 0.004621613478592014 	 9 	 0.0001513551426694815 	 0.012184088984893267
10	4	2	1000	0.9 	 0.04748743835914524 	 0.0022648261432564177 	 9 	 7.716018654341297e-05 	 0.006211395016744733
10	4	2	10000	0.9 	 0.047138640676646276 	 0.00197531340021573 	 9 	 6.41499561915188e-05 	 0.005164071473417253
10	5	2	100	1.0 	 0.0039070029326293085 	 0.0036487418040420747 	 10 	 0.0001213374897304653 	 0.009767667923302484
10	5	2	1000	1.0 	 0.000866646941539227 	 0.0005772287020636217 	 10 	 1.946144475316067e-05 	 0.0015666463026294368
10	5	2	10000	1.0 	 0.0006550805122464549 	 0.0005203991650436794 	 10 	 1.1122847585651909e-05 	 0.0008953892266001706
10	6	2	100	0.6363636363636364 	 0.019166009110045748 	 0.006319469272386452 	 8 	 0.0020276535358834816 	 0.17063136333977771
10	6	2	1000	0.8181818181818182 	 0.0029397023785799788 	 0.002446105906708059 	 10 	 0.0002997631918102417 	 0.19043058764411327
10	6	2	10000	0.8181818181818182 	 0.0012146923887637918 	 0.002221773406573943 	 10 	 0.00028374221961726526 	 0.19018425318986037
10	7	2	100	0.9 	 0.0018817799902018468 	 0.0028499198091691555 	 9 	 0.0002559784195198066 	 0.02086014762285573
10	7	2	1000	0.9 	 0.0004051051739227261 	 0.0004721487813061293 	 9 	 0.00018919699102199782 	 0.015230357777270791
10	7	2	10000	1.0 	 0.000745638104057576 	 0.0005391568462965015 	 10 	 0.0005845482854878798 	 0.04871997402448214
10	8	2	100	0.9 	 0.00340379401567224 	 0.0035708389156007742 	 9 	 0.00010270195640238966 	 0.009063529192151757
10	8	2	1000	0.7272727272727273 	 0.00405347546184418 	 0.003281140744835854 	 9 	 6.154801632773203e-05 	 0.08586928845632723
10	8	2	10000	0.7272727272727273 	 0.003977180310353222 	 0.0032620939661881063 	 9 	 5.8374412842406746e-05 	 0.08561381337575855
10	9	2	100	0.9 	 0.01177572604353472 	 0.0036276072908254945 	 9 	 0.00014572193623701928 	 0.011730615281373917
10	9	2	1000	0.9 	 0.007401822792622236 	 0.0006666951935754269 	 9 	 5.2510035592751806e-05 	 0.004227057865216511
10	9	2	10000	0.9 	 0.008028497393372793 	 0.0008727344736630117 	 9 	 6.486223171658844e-05 	 0.005221409653185357
10	10	2	100	0.5454545454545454 	 0.021116121005968817 	 0.014134235783031522 	 7 	 0.0024013589269227275 	 0.37209576168240877
10	10	2	1000	0.5 	 0.012955554741086306 	 0.010430608799725636 	 8 	 0.0018830609363702827 	 0.36657152470543275
10	10	2	10000	0.5 	 0.012375385599793294 	 0.00836351734845916 	 8 	 0.0011354327911130186 	 0.26066006862641
