2	1	0	0	1.0 	 2.1527207512927417e-12 	 9.16552039550668e-12 	 2 	 2.570701227646376e-13 	 7.069428376027531e-12
2	2	0	0	1.0 	 2.2381756559738533e-16 	 2.516068203824191e-16 	 2 	 2.5232341468753566e-19 	 6.938893903907228e-18
2	3	0	0	1.0 	 9.860549171017317e-11 	 2.6550476514293825e-10 	 2 	 3.792466340968305e-12 	 1.0429282437662835e-10
2	4	0	0	1.0 	 2.256462954060855e-09 	 8.440413851125106e-09 	 2 	 1.1660774790200893e-09 	 3.2067130673052407e-08
2	5	0	0	1.0 	 2.068021105164334e-12 	 5.939879530408676e-12 	 2 	 8.879462821586129e-14 	 2.441852275936185e-12
2	6	0	0	1.0 	 4.3157519291266377e-13 	 2.116474856930474e-12 	 2 	 2.999317965707799e-14 	 8.248124405696445e-13
2	7	0	0	1.0 	 1.4616155855246501e-08 	 2.6549664313048397e-08 	 2 	 7.041853188691975e-09 	 1.9365096268902926e-07
2	8	0	0	1.0 	 1.7053204362963068e-09 	 5.809258435816536e-09 	 2 	 7.249281145068925e-10 	 1.9935523148939528e-08
2	9	0	0	1.0 	 2.9778867903380525e-10 	 2.689887354423254e-10 	 2 	 1.972509674536499e-11 	 5.424401604975371e-10
2	10	0	0	1.0 	 4.2694782035652154e-11 	 2.9114820260751266e-11 	 2 	 7.886286951757691e-13 	 2.168728911733364e-11
3	1	0	0	1.0 	 1.3204398394320486e-12 	 3.261364804856557e-12 	 3 	 9.297384665087347e-14 	 2.4638069362481474e-12
3	2	0	0	1.0 	 4.253751120645004e-12 	 2.0881883668226646e-12 	 3 	 7.215009512272139e-14 	 1.9119775207521172e-12
3	3	0	0	0.75 	 0.0007975589803632515 	 0.005687267510581193 	 4 	 0.003058565578274752 	 0.08105201645408926
3	4	0	0	1.0 	 3.1542335706272343e-09 	 8.710448308411289e-09 	 3 	 1.1360513557132966e-09 	 3.0105360926402376e-08
3	5	0	0	1.0 	 2.1508063195865525e-12 	 5.698524741658842e-12 	 3 	 8.584014002755089e-14 	 2.274763710730099e-12
3	6	0	0	1.0 	 4.4805213124204865e-13 	 1.1248092286084257e-12 	 3 	 2.1666630753687073e-14 	 5.741657149727076e-13
3	7	0	0	1.0 	 1.4900039464299193e-08 	 1.929457990515426e-08 	 3 	 4.838683098849692e-09 	 1.2822510211951688e-07
3	8	0	0	1.0 	 7.137888662797755e-06 	 7.394262143615265e-05 	 3 	 1.8854906246532752e-05 	 0.0004996550155331178
3	9	0	0	0.6666666666666666 	 0.009252167758446634 	 0.0033903952792916593 	 2 	 0.00038836204954768893 	 0.010291594313013758
3	10	0	0	1.0 	 0.02082448738620187 	 0.007937417784704743 	 3 	 0.0006272610007576736 	 0.016622414707297688
5	1	0	0	1.0 	 0.0011378997950576473 	 0.005674546415175344 	 5 	 0.0024211902172939525 	 0.05931916032370192
5	2	0	0	0.5 	 0.04803926183478415 	 0.01953374122725855 	 4 	 0.002240012635435267 	 0.24062323941083788
5	3	0	0	1.0 	 1.4723899052109032e-05 	 8.063919582769123e-05 	 5 	 2.090441335189454e-05 	 0.0005121581271214159
5	4	0	0	1.0 	 0.00048406518711458673 	 0.0008495108442517816 	 5 	 0.0002801419945751993 	 0.006863478867092318
5	5	0	0	1.0 	 3.5474336776933496e-06 	 1.0293467623809691e-05 	 5 	 3.5964497131768336e-06 	 8.811301797283241e-05
5	6	0	0	0.8 	 0.02024750546279155 	 0.012468048580693065 	 4 	 0.001161220502094038 	 0.028449902301303936
5	7	0	0	0.6666666666666666 	 0.006433903893529435 	 0.007073204291853846 	 5 	 0.003266427699491307 	 0.10549676154668162
5	8	0	0	1.0 	 8.018061595377103e-06 	 6.559084096977838e-05 	 5 	 1.5960188553452257e-05 	 0.0003910246195595808
5	9	0	0	0.8 	 0.011614679722354967 	 0.007072385196968849 	 4 	 0.001980885002703699 	 0.054981680525414585
5	10	0	0	0.6666666666666666 	 0.03861197592141283 	 0.019066628933390672 	 5 	 0.0035012656793405894 	 0.23705228726507407
7	1	0	0	0.75 	 0.014612028272300895 	 0.03989230073584709 	 7 	 0.0021503575503876854 	 0.17032145283356673
7	2	0	0	0.625 	 0.06138878793234561 	 0.027529470276954095 	 6 	 0.0028618688084269517 	 0.2076618044552214
7	3	0	0	1.0 	 0.0039555871095473165 	 0.0035009801386240045 	 7 	 0.00010547113445691203 	 0.0023731005252803795
7	4	0	0	1.0 	 0.0025439682980249617 	 0.0037220490990648083 	 7 	 0.0005903480462433157 	 0.023462824131379297
7	5	0	0	0.75 	 0.026389722491807738 	 0.03429411353516409 	 7 	 0.002087818839099299 	 0.09759176447180634
7	6	0	0	0.8571428571428571 	 0.026771972378802897 	 0.025280758020142638 	 6 	 0.0014921984296638006 	 0.033574464667435515
7	7	0	0	0.8571428571428571 	 0.015566267740907344 	 0.004511361318830566 	 6 	 0.0008884559450971131 	 0.019990258764685062
7	8	0	0	0.8571428571428571 	 0.04182319149190413 	 0.00323779013072071 	 6 	 0.00029398489246104344 	 0.006728905247172784
7	9	0	0	0.7142857142857143 	 0.02372235756590671 	 0.016870357169660455 	 5 	 0.005466696870684335 	 0.1523361850876525
7	10	0	0	0.75 	 0.04279793248993374 	 0.01668849707179238 	 7 	 0.0033290124708979262 	 0.2084078363287677
10	1	0	0	0.7 	 0.05018708795098096 	 0.047396985830173335 	 7 	 0.006073174847996364 	 0.3125178221568023
10	2	0	0	0.7272727272727273 	 0.07188547436981574 	 0.022792414256766504 	 9 	 0.0021834909812760523 	 0.1699083567285493
10	3	0	0	0.5454545454545454 	 0.11685845036777068 	 0.0522069607610032 	 7 	 0.007279034087155604 	 0.32278666287871577
10	4	0	0	0.9 	 0.11114656494790397 	 0.040887876941753686 	 9 	 0.0018872580077693006 	 0.07339745225688724
10	5	0	0	0.7272727272727273 	 0.044856746183513554 	 0.040478362950662296 	 9 	 0.002704284127346753 	 0.12799823474686461
10	6	0	0	0.8 	 0.037481588138970005 	 0.02113477540385022 	 8 	 0.0022449073461508454 	 0.05330963973348806
10	7	0	0	0.45454545454545453 	 0.08726749163214761 	 0.0762435070790026 	 6 	 0.009761140800232028 	 0.35029015462187363
10	8	0	0	0.9 	 0.07462899937926905 	 0.02111429447934313 	 9 	 0.00041824663097777133 	 0.030936120147273812
10	9	0	0	0.36363636363636365 	 0.11617408269998254 	 0.0761249680935558 	 5 	 0.012400702925014427 	 0.43795201231356296
10	10	0	0	0.8 	 0.06922856876968414 	 0.04188427149424359 	 8 	 0.0039142868942344975 	 0.07633085253487669
2	1	1	100	1.0 	 0.0004614917935825019 	 0.0024337606539485473 	 2 	 0.00011264342529563931 	 0.0030976941956300796
2	1	1	1000	1.0 	 4.633213209778209e-05 	 0.00024427544748489274 	 2 	 1.1264342435150666e-05 	 0.00030976941696664323
2	1	1	10000	1.0 	 4.635062037109197e-06 	 2.4436605584273535e-05 	 2 	 1.1264341491376314e-06 	 3.097693910128486e-05
2	2	1	100	1.0 	 0.0011654709352157066 	 0.005126296068402126 	 2 	 0.00012330568134588465 	 0.003390906237011826
2	2	1	1000	1.0 	 0.00011597589757105082 	 0.0005143383324032537 	 2 	 1.2330568134584627e-05 	 0.0003390906237010771
2	2	1	10000	1.0 	 1.1591953315912234e-05 	 5.145099957458514e-05 	 2 	 1.233056813456444e-06 	 3.39090623700522e-05
2	3	1	100	1.0 	 0.00028115370955969477 	 0.0009864052152910592 	 2 	 1.6792732151227345e-05 	 0.0004618001341587519
2	3	1	1000	1.0 	 2.81286349293721e-05 	 9.866505762458207e-05 	 2 	 1.679276479004223e-06 	 4.6180103172616116e-05
2	3	1	10000	1.0 	 2.812925129261647e-06 	 9.8666567145751e-06 	 2 	 1.679309119368372e-07 	 4.618100078263021e-06
2	4	1	100	1.0 	 0.0003576066130966949 	 0.0010529514648167303 	 2 	 9.049215333734446e-05 	 0.0024885342167769707
2	4	1	1000	1.0 	 3.573803207338894e-05 	 0.00010537519557702547 	 2 	 9.048907769125916e-06 	 0.00024884496365096254
2	4	1	10000	1.0 	 3.5739260562582064e-06 	 1.0538041527740688e-05 	 2 	 9.045834905544149e-07 	 2.4876045990246388e-05
2	5	1	100	1.0 	 0.00022263345605034532 	 0.0009318006923447117 	 2 	 3.926559870001427e-05 	 0.001079803964250392
2	5	1	1000	1.0 	 2.2215078249449695e-05 	 9.323302523137663e-05 	 2 	 3.926559820732757e-06 	 0.00010798039507015078
2	5	1	10000	1.0 	 2.221025626838341e-06 	 9.323829193942117e-06 	 2 	 3.9265593280157786e-07 	 1.0798038152043388e-05
2	6	1	100	1.0 	 0.0013114206341598535 	 0.008574331753477526 	 2 	 0.000206217956921704 	 0.0056709938153468595
2	6	1	1000	1.0 	 0.00013132701695225447 	 0.0008633016105859255 	 2 	 2.0621795682280132e-05 	 0.0005670993812627034
2	6	1	10000	1.0 	 1.3134706567803015e-05 	 8.638951120341086e-05 	 2 	 2.0621795583324944e-06 	 5.670993785414358e-05
2	7	1	100	0.0 	 0.00421155796098552 	 0.0337790327673402 	 3 	 0.011218361179841747 	 1.0
2	7	1	1000	0.0 	 0.0042097456335402 	 0.03270143819578346 	 3 	 0.01163268607242781 	 1.0
2	7	1	10000	0.25 	 0.001120610461061366 	 0.026703864152713513 	 3 	 0.006326512854813374 	 0.6661782849690355
2	8	1	100	1.0 	 0.0007305433230185743 	 0.0022147756761190913 	 2 	 0.00019879990158932045 	 0.005466997293706307
2	8	1	1000	1.0 	 7.300069956444741e-05 	 0.00022178739113927316 	 2 	 1.988108318967069e-05 	 0.0005467297877159434
2	8	1	10000	1.0 	 7.299732912461647e-06 	 2.218630207902088e-05 	 2 	 1.989201278789816e-06 	 5.470303516671988e-05
2	9	1	100	1.0 	 0.0004211335983870023 	 0.0025053851671941697 	 2 	 0.0002654524203939358 	 0.007299941560833231
2	9	1	1000	1.0 	 4.283400598685627e-05 	 0.00025260453266434885 	 2 	 2.654525366350843e-05 	 0.0007299944757464816
2	9	1	10000	1.0 	 4.290894241357899e-06 	 2.5281935080528498e-05 	 2 	 2.6545369902077707e-06 	 7.299976723071366e-05
2	10	1	100	1.0 	 0.00230601390432629 	 0.002703594498847213 	 2 	 7.435484288873632e-05 	 0.002044758179440248
2	10	1	1000	1.0 	 0.000226717595032424 	 0.00027083264574690136 	 2 	 7.435484195235e-06 	 0.00020447581536896242
2	10	1	10000	1.0 	 2.2633721675655336e-05 	 2.7088003786989574e-05 	 2 	 7.435483257789928e-07 	 2.0447578958922297e-05
3	1	1	100	1.0 	 0.0015932480772758034 	 0.004710398882254055 	 3 	 0.00010926361307155567 	 0.0028954857463962262
3	1	1	1000	1.0 	 0.00015930264824647934 	 0.0004732315982643143 	 3 	 1.0926361197298684e-05 	 0.0002895485717284152
3	1	1	10000	1.0 	 1.593011337139311e-05 	 4.734526150578646e-05 	 3 	 1.0926360098613599e-06 	 2.895485426132605e-05
3	2	1	100	1.0 	 0.0018798227260760233 	 0.004912830923635687 	 3 	 0.0001383724081935474 	 0.003666868817129007
3	2	1	1000	1.0 	 0.00018742775712627128 	 0.0004927636949255675 	 3 	 1.3837240816509061e-05 	 0.0003666868816374902
3	2	1	10000	1.0 	 1.873729562238028e-05 	 4.929122459334498e-05 	 3 	 1.3837240787942813e-06 	 3.666868808804846e-05
3	3	1	100	1.0 	 0.00022203910708376272 	 0.0010393578840889623 	 3 	 0.00012536003107268808 	 0.0033220408234262357
3	3	1	1000	1.0 	 2.2165495335668108e-05 	 0.00010392484935104761 	 3 	 1.2539118561037125e-05 	 0.00033228664186748386
3	3	1	10000	1.0 	 2.220652710850257e-06 	 1.0406387628726035e-05 	 3 	 1.2570260827306298e-06 	 3.331119119236171e-05
3	4	1	100	1.0 	 0.0011812696458266532 	 0.00242848928808765 	 3 	 0.00023023554308395565 	 0.006101241891724828
3	4	1	1000	1.0 	 0.00011646649673378807 	 0.00024364538818581595 	 3 	 2.3023000475621007e-05 	 0.000610109512603957
3	4	1	10000	1.0 	 1.1628910083340233e-05 	 2.4368467228034085e-05 	 3 	 2.301745560062998e-06 	 6.0996257341669475e-05
3	5	1	100	1.0 	 0.0010918943998050063 	 0.0034456053231995856 	 3 	 3.1767208803316504e-05 	 0.0014060024437865248
3	5	1	1000	1.0 	 0.00010898707537493159 	 0.0003441193692760668 	 3 	 5.305669574062858e-06 	 0.00014060024371266577
3	5	1	10000	1.0 	 1.0896688512362868e-05 	 3.440753246177588e-05 	 3 	 5.305669322931982e-07 	 1.4060023705769753e-05
3	6	1	100	1.0 	 0.0023733291455204798 	 0.007473098388243429 	 3 	 0.00019449582044312846 	 0.0051541392417429055
3	6	1	1000	1.0 	 0.0002420262651428408 	 0.0007549953014866704 	 3 	 1.944958197790166e-05 	 0.0005154139224143942
3	6	1	10000	1.0 	 2.425178827515524e-05 	 7.557889587514333e-05 	 3 	 1.9449581313717283e-06 	 5.154139048135081e-05
3	7	1	100	0.2 	 0.005127965868337431 	 0.03197443543755096 	 3 	 0.00853286632604402 	 0.6976267247394835
3	7	1	1000	0.16666666666666666 	 0.004336411566335732 	 0.025525228560166223 	 4 	 0.0083309617265169 	 0.6929517575592338
3	7	1	10000	0.4 	 0.0011567122095078645 	 0.02041558611569077 	 4 	 0.004547358836598646 	 0.46139049370275104
3	8	1	100	0.25 	 0.011516218305454878 	 0.04796245689390504 	 2 	 0.02014383473637419 	 0.9225715017782004
3	8	1	1000	1.0 	 8.681308531990057e-05 	 0.0006686276095111116 	 3 	 0.00019987591753135197 	 0.005296711814580826
3	8	1	10000	1.0 	 3.7344514115820345e-06 	 2.470701840872302e-05 	 3 	 8.596351902246462e-06 	 0.0002278033254095312
3	9	1	100	1.0 	 0.001920124854072823 	 0.0064532562687811155 	 3 	 0.0006327398156713649 	 0.016767605115291174
3	9	1	1000	1.0 	 0.00020366801785102443 	 0.0006652763524263893 	 3 	 6.327399303426639e-05 	 0.00167676081540806
3	9	1	10000	1.0 	 2.049587083251314e-05 	 6.674795671803366e-05 	 3 	 6.327410772853254e-06 	 0.00016767638548061128
3	10	1	100	0.25 	 0.02546879768914013 	 0.04363197313311 	 2 	 0.0031136392522257235 	 0.24973891466533138
3	10	1	1000	0.4 	 0.01576698787835023 	 0.047491640409740514 	 4 	 0.004023245000370869 	 0.16722747448134967
3	10	1	10000	0.4 	 0.014212537387347755 	 0.04715115645576232 	 4 	 0.00402427228241728 	 0.16722747448134967
5	1	1	100	0.6 	 0.016962349247953604 	 0.024250183177207094 	 3 	 0.008780130446092306 	 0.2151131959292613
5	1	1	1000	0.6666666666666666 	 0.0029081834795726892 	 0.010328326376310584 	 5 	 0.004012433240213769 	 0.12219365482977296
5	1	1	10000	0.6666666666666666 	 0.0008512878424996405 	 0.009649625092613516 	 5 	 0.003936130548477316 	 0.12137840231970594
5	2	1	100	0.8 	 0.025309781915408135 	 0.023203191086676803 	 4 	 0.0018892740166200908 	 0.04628721306310159
5	2	1	1000	1.0 	 0.004214077330576114 	 0.006607592565705981 	 5 	 0.000752676499952681 	 0.018440574248840585
5	2	1	10000	0.5714285714285714 	 0.01033422131050014 	 0.018981093374496927 	 6 	 0.004771671470889725 	 0.46036156699846437
5	3	1	100	0.8 	 0.00270941216729467 	 0.006602725020115542 	 4 	 0.0012270055866459547 	 0.030061636872825884
5	3	1	1000	1.0 	 8.942677192343787e-05 	 0.0002826459343756247 	 5 	 3.79216253898808e-05 	 0.0009290798220520776
5	3	1	10000	1.0 	 1.9326854416473412e-05 	 7.62700926798009e-05 	 5 	 1.7137080385506122e-05 	 0.00041985846944489973
5	4	1	100	0.8 	 0.007543895446578047 	 0.0031887108442252904 	 4 	 0.0009988536648790408 	 0.024471914789536472
5	4	1	1000	0.8 	 0.007574094590448994 	 0.0037042944609514817 	 4 	 0.0012316809152365452 	 0.030176182423295325
5	4	1	10000	1.0 	 0.003317081643397786 	 0.0034195734152347845 	 5 	 0.0012816170285798656 	 0.031399617200207876
5	5	1	100	0.2857142857142857 	 0.01394648204566446 	 0.03628854475902 	 4 	 0.004208599049933159 	 0.5549435724952992
5	5	1	1000	0.6666666666666666 	 0.008835806372228487 	 0.008673798931341768 	 5 	 0.004143502725289118 	 0.13551177603267678
5	5	1	10000	1.0 	 4.431663666815955e-05 	 0.00011677769542381427 	 5 	 1.9075395207848373e-05 	 0.00046734718259228673
5	6	1	100	0.5 	 0.04131997903241244 	 0.022459160785826854 	 4 	 0.0017384910996035192 	 0.10224040265919553
5	6	1	1000	1.0 	 0.0026655301664464982 	 0.0024791861349995293 	 5 	 0.00016416162558811027 	 0.004021959826908698
5	6	1	10000	1.0 	 0.00026670661885742864 	 0.00025429602386609854 	 5 	 1.6416183462613777e-05 	 0.0004021964948340371
5	7	1	100	0.5 	 0.026376224827161378 	 0.054637755150602436 	 4 	 0.00781616111821826 	 0.48667710684711735
5	7	1	1000	0.375 	 0.022445107973667246 	 0.030954534728776063 	 6 	 0.005268124477712865 	 0.4703225476687168
5	7	1	10000	0.5714285714285714 	 0.01780241097312079 	 0.022476572995954597 	 6 	 0.0030596404713495347 	 0.23220057830614926
5	8	1	100	0.6666666666666666 	 0.011768217603473059 	 0.022607996251325004 	 5 	 0.0015228043700785125 	 0.2127691889686951
5	8	1	1000	1.0 	 0.0005268278139893976 	 0.001216956113973464 	 5 	 0.00023201233597597878 	 0.005684302231411487
5	8	1	10000	1.0 	 4.749300436797722e-05 	 9.118198817613344e-05 	 5 	 1.5682592581642318e-05 	 0.00038422351825023726
5	9	1	100	0.3333333333333333 	 0.01701639877643691 	 0.03413883159849194 	 3 	 0.013335920194055578 	 0.628814699667998
5	9	1	1000	0.5 	 0.011133403713509859 	 0.02249414519757289 	 4 	 0.01225450005742035 	 0.3720820637595427
5	9	1	10000	0.5 	 0.010805373627324895 	 0.021985472618469615 	 4 	 0.01229623334553416 	 0.371086517978869
5	10	1	100	0.5 	 0.02953678731512431 	 0.024068018281756174 	 4 	 0.002483463553086362 	 0.13242289408038793
5	10	1	1000	0.5 	 0.032420776068101266 	 0.019848067729741497 	 4 	 0.004286866615300114 	 0.1766062691046243
5	10	1	10000	0.5 	 0.032856839372533954 	 0.019637565780567492 	 4 	 0.004467206921973862 	 0.18102460661813102
7	1	1	100	0.8571428571428571 	 0.013814262641204752 	 0.019798521221374106 	 6 	 0.003684272457144679 	 0.09773350788219369
7	1	1	1000	0.8571428571428571 	 0.007577930193675395 	 0.014822457882986606 	 6 	 0.0036534878143160703 	 0.08377498550889563
7	1	1	10000	0.8571428571428571 	 0.00876368602815442 	 0.01592331009087213 	 6 	 0.0036876168682488837 	 0.08342763448084219
7	2	1	100	0.8571428571428571 	 0.033119713723251384 	 0.029983064518073456 	 6 	 0.0009530707498704502 	 0.0628265550139739
7	2	1	1000	0.8571428571428571 	 0.028495796793670557 	 0.02488143390640313 	 6 	 0.0009362185913990074 	 0.05011054873316693
7	2	1	10000	0.8571428571428571 	 0.02943589950344058 	 0.025840172945216604 	 6 	 0.0010234501451934373 	 0.05020196454304686
7	3	1	100	0.5 	 0.042193781394888774 	 0.04837856075735308 	 5 	 0.005990889776819177 	 0.24453796603946434
7	3	1	1000	0.8571428571428571 	 0.00916738718949525 	 0.021755439032858415 	 6 	 0.0013556326967133115 	 0.030501735245621314
7	3	1	10000	0.8571428571428571 	 0.00980945701526355 	 0.022792613477975694 	 6 	 0.0013816509874325688 	 0.031087146791787295
7	4	1	100	0.8571428571428571 	 0.024984957028089977 	 0.017950543340433903 	 6 	 0.0021287907434099597 	 0.04789779172672405
7	4	1	1000	0.8571428571428571 	 0.03228271930212637 	 0.01584456456016126 	 6 	 0.0019671108555951865 	 0.04425999582829159
7	4	1	10000	0.8571428571428571 	 0.010781992719919456 	 0.005643292829940486 	 6 	 0.001324552003537508 	 0.029802420079593914
7	5	1	100	0.8571428571428571 	 0.12976715678501424 	 0.06990231559283425 	 6 	 0.00476893026692757 	 0.16841053360649716
7	5	1	1000	0.5714285714285714 	 0.18344036557495413 	 0.11725670745412407 	 4 	 0.010233217174263464 	 0.3847054165368004
7	5	1	10000	0.5714285714285714 	 0.18368931603676789 	 0.11819878548266478 	 4 	 0.01033495017902861 	 0.3869944037815892
7	6	1	100	0.7142857142857143 	 0.11865440888680955 	 0.10092952221298457 	 5 	 0.004859103244213391 	 0.154938225835375
7	6	1	1000	0.625 	 0.05480276445807973 	 0.02694006048801928 	 6 	 0.001710104188796021 	 0.07812608618183065
7	6	1	10000	0.625 	 0.0539235936133728 	 0.022479480628797108 	 6 	 0.00154375352382499 	 0.07421549817137475
7	7	1	100	0.5 	 0.10089577147245532 	 0.0919201546546293 	 5 	 0.007416906454217241 	 0.48704851251446274
7	7	1	1000	0.5 	 0.07774030350205777 	 0.06926003433888112 	 5 	 0.006617699865101197 	 0.4685382167977426
7	7	1	10000	0.5 	 0.07899694595185276 	 0.06851947752492063 	 5 	 0.006614155864406741 	 0.4668123410931452
7	8	1	100	0.4 	 0.038889487997965266 	 0.04447734496721921 	 7 	 0.004093404737857879 	 0.38417351770507546
7	8	1	1000	0.875 	 0.00580906130148782 	 0.0037611425161989164 	 8 	 0.0022833268959823595 	 0.0549765129283613
7	8	1	10000	0.6666666666666666 	 0.0052534559848801034 	 0.009790396142541328 	 8 	 0.002801443101055449 	 0.1818106549004572
7	9	1	100	0.2222222222222222 	 0.03921488526833465 	 0.03607745178214528 	 4 	 0.016922579339787795 	 0.5956612295381026
7	9	1	1000	0.5555555555555556 	 0.006325822862396618 	 0.013907214095659346 	 7 	 0.00180003248292442 	 0.25903793377921114
7	9	1	10000	0.75 	 0.003144554915569251 	 0.012430815187552399 	 7 	 0.0020310904226674077 	 0.14774899131487185
7	10	1	100	0.375 	 0.059381831566978203 	 0.027206449429178763 	 4 	 0.003792374827578792 	 0.24392278766620382
7	10	1	1000	0.5 	 0.047650054823975094 	 0.024246773363254915 	 5 	 0.003006782095215306 	 0.1089876000303376
7	10	1	10000	0.5 	 0.04871980328192015 	 0.02394869495213352 	 5 	 0.0032146215885000538 	 0.11366398862924394
10	1	1	100	0.5454545454545454 	 0.043178781566372476 	 0.035904530904042706 	 7 	 0.012803884506917638 	 0.4215977221324359
10	1	1	1000	0.6363636363636364 	 0.031848082176567455 	 0.042263595570865946 	 8 	 0.00499713277679554 	 0.2740085367001855
10	1	1	10000	0.6363636363636364 	 0.03308093724499624 	 0.04318660373718457 	 8 	 0.005001339444972594 	 0.27448816831803335
10	2	1	100	0.7272727272727273 	 0.04136427795495492 	 0.038515087554579205 	 9 	 0.003212495187037895 	 0.15503433529748067
10	2	1	1000	0.7272727272727273 	 0.04376557794058818 	 0.05838432896809025 	 9 	 0.005647471528648179 	 0.38623114695684235
10	2	1	10000	0.7272727272727273 	 0.04763660961638845 	 0.06139978434620424 	 9 	 0.005868637178348351 	 0.3879072949293197
10	3	1	100	0.8 	 0.04483244474761136 	 0.030185297278961916 	 8 	 0.004684747863966117 	 0.09456266262376888
10	3	1	1000	0.9 	 0.017639770129630507 	 0.022753432326167774 	 9 	 0.002024830066246392 	 0.04039667114778289
10	3	1	10000	0.9 	 0.016083344837497567 	 0.021999709481732976 	 9 	 0.0019851151912929866 	 0.03875201659081864
10	4	1	100	0.5833333333333334 	 0.0768581731142743 	 0.05171266895205235 	 9 	 0.0019268573065796275 	 0.3027361696110707
10	4	1	1000	0.7272727272727273 	 0.06531262845684231 	 0.0446045666767485 	 9 	 0.0021818694077965634 	 0.16238609314551045
10	4	1	10000	0.8181818181818182 	 0.09695557505459543 	 0.059354605817282184 	 10 	 0.004655052863895284 	 0.22086188598450773
10	5	1	100	0.5454545454545454 	 0.22051084903625742 	 0.08366965268798485 	 7 	 0.006917106096496219 	 0.36950024176952284
10	5	1	1000	0.3333333333333333 	 0.24751698134833347 	 0.09401604685026517 	 6 	 0.009385360356244387 	 0.5422254382674059
10	5	1	10000	0.5454545454545454 	 0.23402715431161836 	 0.08559217635702529 	 7 	 0.0058960881005171595 	 0.3747870743193515
10	6	1	100	0.45454545454545453 	 0.069242629617668 	 0.05521852860613569 	 6 	 0.006297668463475653 	 0.30101166201464236
10	6	1	1000	0.9 	 0.022219104731923376 	 0.02165214669185774 	 9 	 0.0016182488641602617 	 0.036589024672585374
10	6	1	10000	0.9 	 0.014975454651722566 	 0.013861317215191713 	 9 	 0.0016449816954614462 	 0.03207714306149818
10	7	1	100	0.3333333333333333 	 0.1207166913477849 	 0.06371360808671094 	 6 	 0.01631968385240646 	 0.627281973446312
10	7	1	1000	0.5454545454545454 	 0.13758799909663785 	 0.08589426161154406 	 7 	 0.008491217627373555 	 0.35081260042650325
10	7	1	10000	0.3333333333333333 	 0.14820853208895046 	 0.07883273753462465 	 6 	 0.014816675978677068 	 0.6259184635194216
10	8	1	100	0.5833333333333334 	 0.12695688806599986 	 0.06900629122889647 	 9 	 0.004283128630803318 	 0.3220116096132766
10	8	1	1000	0.8181818181818182 	 0.11860083421768562 	 0.06561163133000865 	 10 	 0.0013868434771355845 	 0.1482203538472291
10	8	1	10000	0.9 	 0.11474518810853106 	 0.06529770615856757 	 9 	 0.0027298374107424866 	 0.11254163932626374
10	9	1	100	0.3333333333333333 	 0.09740604366429294 	 0.08027158812933109 	 6 	 0.016289996086632317 	 0.5705893292916151
10	9	1	1000	0.6666666666666666 	 0.08075331351432402 	 0.06299935341238559 	 10 	 0.0033592631834709723 	 0.1745460847843664
10	9	1	10000	0.8181818181818182 	 0.07155395836255593 	 0.0591501024520498 	 10 	 0.005753790672914565 	 0.20652546045704884
10	10	1	100	0.5454545454545454 	 0.09479418966817818 	 0.060071927844606625 	 7 	 0.0038303671740694237 	 0.20535524314418713
10	10	1	1000	0.7 	 0.09629551839304652 	 0.06340369001453189 	 7 	 0.0032085952714410565 	 0.10708912487328007
10	10	1	10000	0.4 	 0.1772595723033907 	 0.17557138853033394 	 4 	 0.019348891676508273 	 0.4617645949114972
2	1	2	100	1.0 	 0.00045446833135568006 	 0.0031558261764984647 	 2 	 0.00017013490051522362 	 0.004678709764168648
2	1	2	1000	1.0 	 4.5219356023114766e-05 	 0.00031626602834132386 	 2 	 1.701348982016531e-05 	 0.0004678709700545458
2	1	2	10000	1.0 	 4.519709209707494e-06 	 3.1633480355152593e-05 	 2 	 1.7013487506459515e-06 	 4.678709064276365e-05
2	2	2	100	1.0 	 0.0013500894328691629 	 0.003115177712651065 	 2 	 3.587252814996839e-05 	 0.0009864945241241305
2	2	2	1000	1.0 	 0.000133228270649432 	 0.00031112316886615897 	 2 	 3.5872528149876045e-06 	 9.86494524121591e-05
2	2	2	10000	1.0 	 1.3305333942839063e-05 	 3.110838362998511e-05 	 2 	 3.587252814917332e-07 	 9.86494524102266e-06
2	3	2	100	1.0 	 0.00047536992562474375 	 0.0026775777861824277 	 2 	 0.00010197086473466744 	 0.002804198780203354
2	3	2	1000	1.0 	 4.773042485603562e-05 	 0.0002684938424286944 	 2 	 1.0197089886727026e-05 	 0.0002804199718849931
2	3	2	10000	1.0 	 4.775075472717206e-06 	 2.685702488328382e-05 	 2 	 1.0197124020980026e-06 	 2.8042091057695062e-05
2	4	2	100	1.0 	 6.043783409312301e-05 	 0.00016503257016561181 	 2 	 1.6614109274882732e-06 	 4.5688800505927435e-05
2	4	2	1000	1.0 	 6.041448324469441e-06 	 1.649949203075543e-05 	 2 	 1.671903969804121e-07 	 4.597735916961326e-06
2	4	2	10000	1.0 	 6.021110109641719e-07 	 1.6483389428578053e-06 	 2 	 1.7768488425051748e-08 	 4.886334316889223e-07
2	5	2	100	1.0 	 0.00026587366231991454 	 0.0005353310066458625 	 2 	 1.770898050431675e-05 	 0.0004869969638687104
2	5	2	1000	1.0 	 2.653674017594457e-05 	 5.3550436699813925e-05 	 2 	 1.7708979705115138e-06 	 4.869969418906661e-05
2	5	2	10000	1.0 	 2.6531690642175027e-06 	 5.355218756109577e-06 	 2 	 1.770897171313937e-07 	 4.869967221113325e-06
2	6	2	100	1.0 	 0.000929113895949166 	 0.0033536587033195877 	 2 	 1.960579509027778e-05 	 0.0005391593649826387
2	6	2	1000	1.0 	 9.299968263654792e-05 	 0.00033526778779537243 	 2 	 1.9605795360301177e-06 	 5.3915937240828216e-05
2	6	2	10000	1.0 	 9.300853119624934e-06 	 3.352579761687658e-05 	 2 	 1.9605798059788273e-07 	 5.391594466441774e-06
2	7	2	100	1.0 	 9.214111331263336e-06 	 0.0007121777632216396 	 2 	 8.885734624202474e-05 	 0.002443577021655679
2	7	2	1000	1.0 	 9.30961329658669e-07 	 7.120559798882044e-05 	 2 	 8.89207455251138e-06 	 0.0002445320501940628
2	7	2	10000	1.0 	 8.01730230088654e-08 	 7.132531945092143e-06 	 2 	 8.955460718877078e-07 	 2.4627516976911956e-05
2	8	2	100	1.0 	 0.0008303674201527618 	 0.002381293780366998 	 2 	 0.0002158373472622862 	 0.005935527049712866
2	8	2	1000	1.0 	 8.261989868798017e-05 	 0.0002384830831954669 	 2 	 2.1584387149715066e-05 	 0.0005935706466171638
2	8	2	10000	1.0 	 8.258349015326173e-06 	 2.385456075787242e-05 	 2 	 2.159091209362853e-06 	 5.9375008257478394e-05
2	9	2	100	1.0 	 0.008460446391387138 	 0.004147420386656643 	 2 	 0.000526642677070174 	 0.014482673619429783
2	9	2	1000	1.0 	 0.0013439307704706598 	 0.0005222409196962772 	 2 	 5.2664285458011405e-05 	 0.0014482678500953132
2	9	2	10000	1.0 	 0.0001428736388568377 	 5.4058491269250665e-05 	 2 	 5.266446297612866e-06 	 0.0001448272731843538
2	10	2	100	1.0 	 0.0011539477866031398 	 0.0015138574844234265 	 2 	 2.337365299901284e-05 	 0.0006427754574728529
2	10	2	1000	1.0 	 0.00011747505320491818 	 0.0001515552920665505 	 2 	 2.3373660096906576e-06 	 6.427756526649307e-05
2	10	2	10000	1.0 	 1.1768782554185952e-05 	 1.5157242634192932e-05 	 2 	 2.3373731073089214e-07 	 6.427776045099531e-06
3	1	2	100	1.0 	 0.0007567135208746061 	 0.004177967736402863 	 3 	 0.0001914364488542737 	 0.005073065894638254
3	1	2	1000	1.0 	 7.594270118693931e-05 	 0.00041900300479606674 	 3 	 1.9143644821669092e-05 	 0.0005073065877742311
3	1	2	10000	1.0 	 7.597060391497833e-06 	 4.191250969487616e-05 	 3 	 1.914364418382921e-06 	 5.073065708714741e-05
3	2	2	100	1.0 	 0.008129953985702045 	 0.004015290473130323 	 3 	 7.463209051882583e-05 	 0.001977750398748885
3	2	2	1000	1.0 	 0.0007806105742383991 	 0.0004015571877572912 	 3 	 7.463208999677304e-06 	 0.0001977750384914486
3	2	2	10000	1.0 	 7.775261990350167e-05 	 4.015600849938698e-05 	 3 	 7.463208477778939e-07 	 1.9777502466114188e-05
3	3	2	100	0.2 	 0.014441430113332298 	 0.028589178732193757 	 3 	 0.005629172407921409 	 0.5430863563816415
3	3	2	1000	0.4 	 0.005954514240584349 	 0.012276341647156219 	 4 	 0.0038494493853905598 	 0.1876985848959415
3	3	2	10000	0.4 	 0.007281530142763547 	 0.013893743811167246 	 4 	 0.003967615382347391 	 0.18769853888446017
3	4	2	100	1.0 	 0.00031873054052467063 	 0.0014265729738296856 	 3 	 9.80921877806132e-05 	 0.004873123197730312
3	4	2	1000	1.0 	 3.160340796433099e-05 	 0.00014286675989882373 	 3 	 1.8388970888100202e-05 	 0.0004873077285346556
3	4	2	10000	1.0 	 3.156347284803417e-06 	 1.4284460132663695e-05 	 3 	 1.8387237766919568e-06 	 4.872618008233688e-05
3	5	2	100	0.5 	 0.0033419211441215457 	 0.005443051703408304 	 3 	 0.00022827212106458288 	 0.15908269590892113
3	5	2	1000	1.0 	 0.00015740310732302232 	 0.0003889864532203532 	 3 	 2.069832684050939e-05 	 0.000548505661273499
3	5	2	10000	1.0 	 1.5714939529619755e-05 	 3.8916417107367645e-05 	 3 	 2.069832692148183e-06 	 5.4850566341926865e-05
3	6	2	100	1.0 	 0.0009489878081549788 	 0.004479229788855116 	 3 	 0.00015192707573411112 	 0.004026067506953945
3	6	2	1000	1.0 	 9.419974763850847e-05 	 0.00044775815557868685 	 3 	 1.5192707556956245e-05 	 0.00040260675025934056
3	6	2	10000	1.0 	 9.41315162084233e-06 	 4.4774167823915065e-05 	 3 	 1.5192707392194434e-06 	 4.026067458931526e-05
3	7	2	100	0.6666666666666666 	 0.013652556277367611 	 0.00959936271283308 	 2 	 0.0022242216293071266 	 0.05894187317663886
3	7	2	1000	1.0 	 0.0002142954093522565 	 0.00043502435284512795 	 3 	 3.961850593121821e-05 	 0.0010498904071772827
3	7	2	10000	1.0 	 2.1231569330701517e-05 	 4.350032467724405e-05 	 3 	 3.957491423839047e-06 	 0.00010487352273173475
3	8	2	100	1.0 	 0.0004453767293784996 	 0.00450710610559539 	 3 	 0.0005760772265223854 	 0.034253754313579375
3	8	2	1000	1.0 	 4.892702292389736e-05 	 0.0005372957827389701 	 3 	 8.733814591204e-05 	 0.0038764695211030127
3	8	2	10000	1.0 	 1.129995103119629e-05 	 0.00012052478597248377 	 3 	 3.160463350065922e-05 	 0.000837522787767469
3	9	2	100	0.6666666666666666 	 0.00882140624084837 	 0.002449253413616924 	 2 	 0.0003996097265889446 	 0.010589657754607035
3	9	2	1000	0.6666666666666666 	 0.00917527644608276 	 0.003196510191348764 	 2 	 0.00038836204954768784 	 0.010291594313013732
3	9	2	10000	0.6666666666666666 	 0.009244477996337562 	 0.003371000724374777 	 2 	 0.000388362049547691 	 0.010291594313013812
3	10	2	100	0.6666666666666666 	 0.054936457127302135 	 0.014126012051733748 	 2 	 0.0005517429579169567 	 0.014621188384799356
3	10	2	1000	0.5 	 0.027982031852133573 	 0.010049628304535235 	 3 	 0.0010771520476737708 	 0.4448881537440429
3	10	2	10000	0.5 	 0.027014280219215554 	 0.009357094446753452 	 3 	 0.0009922026883540545 	 0.4444853650864916
5	1	2	100	0.6 	 0.009195337340323026 	 0.02576011388835622 	 3 	 0.011273489799960927 	 0.2807508119328529
5	1	2	1000	0.6666666666666666 	 0.0015201926231100753 	 0.019171038140990027 	 5 	 0.0068833006893527695 	 0.2549733785470189
5	1	2	10000	0.6666666666666666 	 0.0014882036453677768 	 0.018861252541236863 	 5 	 0.00690714969019952 	 0.25443929596392184
5	2	2	100	0.5 	 0.05031358424254284 	 0.023297672732861784 	 4 	 0.0023961026770525458 	 0.24182618839286177
5	2	2	1000	0.5 	 0.04826616936700243 	 0.01991180943480089 	 4 	 0.002255621652068945 	 0.2407435343117927
5	2	2	10000	0.5 	 0.0480619474090221 	 0.01957156492171993 	 4 	 0.002241573530137555 	 0.24063526889957243
5	3	2	100	0.6666666666666666 	 0.0018804914257582828 	 0.011124066499371588 	 5 	 0.0021487392796560854 	 0.1016144948194207
5	3	2	1000	1.0 	 9.92850621596078e-05 	 0.0004819495145510917 	 5 	 5.017648276298367e-05 	 0.001229323827693098
5	3	2	10000	1.0 	 1.9792859095043527e-05 	 8.84451678670638e-05 	 5 	 1.5670699762379505e-05 	 0.0003839321441782975
5	4	2	100	0.5 	 0.013045449717435839 	 0.02016393254147079 	 4 	 0.006733584273215173 	 0.37160300021270853
5	4	2	1000	1.0 	 0.0009182805153491171 	 0.0017731853942396373 	 5 	 0.000531755950711399 	 0.013028020792429188
5	4	2	10000	1.0 	 0.0005284663832791261 	 0.0009439188066341402 	 5 	 0.00030562136185249134 	 0.007487723365385967
5	5	2	100	0.42857142857142855 	 0.008039454905179072 	 0.018798404846495687 	 5 	 0.002613546825470117 	 0.28821167268023207
5	5	2	1000	0.5714285714285714 	 0.004591462257263026 	 0.008806512781061626 	 6 	 0.0025162891959858063 	 0.20620925524126085
5	5	2	10000	0.42857142857142855 	 0.007589166981513855 	 0.017615046446482662 	 5 	 0.002587774175865731 	 0.28334304755906414
5	6	2	100	0.8 	 0.021657415067044494 	 0.017558529777914122 	 4 	 0.001538983354220537 	 0.037705092178403135
5	6	2	1000	0.8 	 0.020326610468857545 	 0.012905172802781558 	 4 	 0.0011989967873014115 	 0.02937542128888458
5	6	2	10000	0.8 	 0.02025523993947106 	 0.012511934482541473 	 4 	 0.001164998130615222 	 0.02854245420007294
5	7	2	100	0.8 	 0.0239644453955171 	 0.02307960456008364 	 4 	 0.0018450759109447047 	 0.045204359818145246
5	7	2	1000	0.8 	 0.014586745350010772 	 0.005211215318679397 	 4 	 0.0011201139022057095 	 0.027442790604039858
5	7	2	10000	0.42857142857142855 	 0.021078474504769133 	 0.028240667259814917 	 5 	 0.0010119037313294354 	 0.2858625576526679
5	8	2	100	1.0 	 0.015628978984827076 	 0.01358075583561227 	 5 	 0.0008845210246916312 	 0.02167076510494497
5	8	2	1000	1.0 	 0.0019597747957275356 	 0.001652416977894268 	 5 	 8.768568050435553e-05 	 0.0021482991723567107
5	8	2	10000	1.0 	 0.00020773272561168095 	 0.00022689385606681215 	 5 	 1.7988567024852762e-05 	 0.0004407198921088926
5	9	2	100	0.8 	 0.011097489979419657 	 0.006807719573062225 	 4 	 0.0022642874747997263 	 0.061925041091767254
5	9	2	1000	0.8 	 0.01156172901059417 	 0.006923277268121081 	 4 	 0.0020084154732641604 	 0.05565617705414589
5	9	2	10000	0.8 	 0.011609112143493597 	 0.007056926707736053 	 4 	 0.0019833400266185313 	 0.05504182861132796
5	10	2	100	0.8 	 0.04356155221934822 	 0.009206528502553381 	 4 	 0.0008417270675450765 	 0.02062231315485441
5	10	2	1000	0.6666666666666666 	 0.04101596061057039 	 0.03650652397619631 	 5 	 0.00477755771858336 	 0.23709333351089645
5	10	2	10000	0.6666666666666666 	 0.04104375930056642 	 0.03643803786473653 	 5 	 0.004781816807894291 	 0.23705637881916825
7	1	2	100	0.75 	 0.02059066739808229 	 0.04352047911103294 	 7 	 0.0031383065224536853 	 0.17629991110631682
7	1	2	1000	0.8571428571428571 	 0.006369325423731355 	 0.023300981199677284 	 6 	 0.005442591911421736 	 0.12248973943047625
7	1	2	10000	0.75 	 0.014631611473759831 	 0.03992581056299412 	 7 	 0.002158582899820917 	 0.1703807831912264
7	2	2	100	0.5 	 0.09031183946132346 	 0.05080634120375362 	 5 	 0.004265892741831695 	 0.3232912924585187
7	2	2	1000	0.625 	 0.06742667333657189 	 0.032880581808503666 	 6 	 0.0029795064199513136 	 0.2203097609487414
7	2	2	10000	0.625 	 0.06205394375014337 	 0.028123600784763076 	 6 	 0.002919135676491928 	 0.20895531308612603
7	3	2	100	0.75 	 0.025954864840847292 	 0.03020057670237424 	 7 	 0.0020074557390903688 	 0.08859379692182685
7	3	2	1000	1.0 	 0.007621146996392986 	 0.006201602484419278 	 7 	 0.00015564878716504315 	 0.003585109381427295
7	3	2	10000	1.0 	 0.002909445709720237 	 0.0025496204467374355 	 7 	 7.9511432978043e-05 	 0.0017890072420058596
7	4	2	100	0.4444444444444444 	 0.029263856431072023 	 0.029668660047947295 	 6 	 0.005538720682681814 	 0.3517548466885222
7	4	2	1000	1.0 	 0.002895625375032386 	 0.0034001851894270405 	 7 	 0.000539389859047562 	 0.022943278038469798
7	4	2	10000	1.0 	 0.0025582287763308295 	 0.003666658249609231 	 7 	 0.0005834257362708166 	 0.023432864762644556
7	5	2	100	0.8571428571428571 	 0.018115184890070985 	 0.026388965786827184 	 6 	 0.0022590681516390385 	 0.050829033411878374
7	5	2	1000	0.75 	 0.024638838497088485 	 0.031168975583332634 	 7 	 0.0019359152653208717 	 0.09419489962154383
7	5	2	10000	0.75 	 0.026193961010119428 	 0.03396861359104929 	 7 	 0.00207084135111651 	 0.0972118655989761
7	6	2	100	0.75 	 0.0364804582372193 	 0.04271857432797123 	 7 	 0.00350022739390562 	 0.14088831881852035
7	6	2	1000	0.8571428571428571 	 0.02718189250818514 	 0.026420260636481174 	 6 	 0.0015608770318112258 	 0.03511973321575257
7	6	2	10000	0.8571428571428571 	 0.026813077000740145 	 0.025395056872579872 	 6 	 0.0014990634136252644 	 0.03372892680656845
7	7	2	100	0.8571428571428571 	 0.01883332232322698 	 0.010257209252592327 	 6 	 0.0009502267985913342 	 0.021380102968305035
7	7	2	1000	0.8571428571428571 	 0.015458952853119264 	 0.004600043412863073 	 6 	 0.0008894615682079512 	 0.02001288528467892
7	7	2	10000	0.8571428571428571 	 0.015606619512821525 	 0.004570191727842323 	 6 	 0.0008896245542733331 	 0.020016552471150018
7	8	2	100	0.8571428571428571 	 0.048714796004231106 	 0.010294761902096213 	 6 	 0.0008929129293192698 	 0.02117179633779324
7	8	2	1000	0.8571428571428571 	 0.04012461653731011 	 0.002411852065736227 	 6 	 0.0002732893913923662 	 0.007132107873108485
7	8	2	10000	0.8571428571428571 	 0.04165055746611618 	 0.0031475891932304066 	 6 	 0.00029192667736233205 	 0.006769610633281515
7	9	2	100	0.5714285714285714 	 0.024370788478517577 	 0.017525124353909495 	 4 	 0.006624104808870749 	 0.15136916920946694
7	9	2	1000	0.7142857142857143 	 0.023734176169910814 	 0.01677584703318144 	 5 	 0.0054558452139340284 	 0.15186530285855637
7	9	2	10000	0.7142857142857143 	 0.023723543073475083 	 0.016860915129053203 	 5 	 0.005465611704993514 	 0.15228909686430608
7	10	2	100	0.75 	 0.04473161771106414 	 0.033749748209173695 	 7 	 0.004637397735584033 	 0.2088512474056952
7	10	2	1000	0.75 	 0.043970073831566675 	 0.03172780596103353 	 7 	 0.004510247745061703 	 0.20509164867855578
7	10	2	10000	0.75 	 0.04389968140419982 	 0.03152574468450339 	 7 	 0.0044975327458984735 	 0.20471568879831328
10	1	2	100	0.5454545454545454 	 0.06854128907679242 	 0.06108341810171473 	 7 	 0.004718491102237011 	 0.3939459149273474
10	1	2	1000	0.7 	 0.04646697096501601 	 0.04538736720832145 	 7 	 0.005890613725478235 	 0.30957578051215656
10	1	2	10000	0.7 	 0.049681153149053234 	 0.04714274218467745 	 7 	 0.0060549187403427605 	 0.31216182805755704
10	2	2	100	0.6363636363636364 	 0.10162831377995081 	 0.040603066030076955 	 8 	 0.0036538106473164465 	 0.24688869509857386
10	2	2	1000	0.9 	 0.07278230874133129 	 0.025958534676752815 	 9 	 0.0024646566171777 	 0.0892446464887518
10	2	2	10000	0.7272727272727273 	 0.07196564462655812 	 0.02284703071815482 	 9 	 0.0021871921598627018 	 0.16994274588482175
10	3	2	100	0.5454545454545454 	 0.11929248925919507 	 0.054605037590803575 	 7 	 0.006775224821230566 	 0.3234818608401659
10	3	2	1000	0.5454545454545454 	 0.11711392105604825 	 0.052424116403145204 	 7 	 0.007228047186446148 	 0.32277785759866623
10	3	2	10000	0.5454545454545454 	 0.11701367305455201 	 0.05236015600257381 	 7 	 0.007268776989346429 	 0.3228817559489922
10	4	2	100	0.6666666666666666 	 0.12393293536452811 	 0.048897609282880415 	 10 	 0.00232621913270392 	 0.15998577012139673
10	4	2	1000	0.9 	 0.1099312558120003 	 0.04006440915790931 	 9 	 0.001842576895119815 	 0.07301326314595885
10	4	2	10000	0.9 	 0.11103266281915657 	 0.04081039420324206 	 9 	 0.0018820241925788796 	 0.07334859952748062
10	5	2	100	0.8181818181818182 	 0.03492402709540712 	 0.025013580430609954 	 10 	 0.002336889671352709 	 0.08919466097816675
10	5	2	1000	0.6666666666666666 	 0.026280750639284395 	 0.03010645402802764 	 10 	 0.0015435428451649167 	 0.15863908444718036
10	5	2	10000	0.7272727272727273 	 0.04460061134153926 	 0.04015985597141962 	 9 	 0.0026907305379369455 	 0.12771005789306633
10	6	2	100	0.7 	 0.06629213299705056 	 0.05146173687756225 	 7 	 0.00530495351434815 	 0.1387347916605987
10	6	2	1000	0.8 	 0.037795922601827785 	 0.02149804268240308 	 8 	 0.0022724960897141217 	 0.05335276104317444
10	6	2	10000	0.8 	 0.03753779023719388 	 0.02119875854047415 	 8 	 0.002247666195518089 	 0.05336568816743806
10	7	2	100	0.45454545454545453 	 0.08803359556343157 	 0.07559931222719868 	 6 	 0.009772126555495282 	 0.3505043768162523
10	7	2	1000	0.45454545454545453 	 0.0873298952317274 	 0.07616661981510295 	 6 	 0.009761917148338926 	 0.35030529337670335
10	7	2	10000	0.45454545454545453 	 0.08725122206445333 	 0.07621535528763532 	 6 	 0.009760732629004856 	 0.35028219524968907
10	8	2	100	0.9 	 0.09977004449985097 	 0.03623067489481187 	 9 	 0.0026314636762652713 	 0.07371673838555035
10	8	2	1000	0.9 	 0.07050232188364615 	 0.020315338626462273 	 9 	 0.0004181934824147686 	 0.03103176672459298
10	8	2	10000	0.9 	 0.07413221469781776 	 0.02095633211164139 	 9 	 0.00040018318599913496 	 0.030581252733700142
10	9	2	100	0.7 	 0.05495592395944745 	 0.039814315830597954 	 7 	 0.005310260124794352 	 0.13319971210280646
10	9	2	1000	0.7 	 0.04494948076951524 	 0.023897686549249907 	 7 	 0.004963724094962805 	 0.11522524579251121
10	9	2	10000	0.36363636363636365 	 0.11626141546332085 	 0.07612157755411159 	 5 	 0.012409477291337269 	 0.43795718469021216
10	10	2	100	0.5454545454545454 	 0.08614820361168174 	 0.06797736787028322 	 7 	 0.005533008260319316 	 0.24611560165269458
10	10	2	1000	0.16666666666666666 	 0.1397811499335778 	 0.10101211959745729 	 4 	 0.02000766065138175 	 0.7604866619401459
10	10	2	10000	0.8 	 0.0691488976737821 	 0.041549894451964546 	 8 	 0.003867276024213097 	 0.07542615012963529
