2	1	0	0	1.0 	 2.2008005516549975e-14 	 5.858188313985035e-13 	 2 	 1.6106702964742208e-16 	 5.806466418789569e-14
2	2	0	0	1.0 	 1.7134021542640603e-17 	 1.5181790233787237e-16 	 2 	 2.598476219216298e-19 	 9.367506770274758e-17
2	3	0	0	1.0 	 7.265006334615331e-12 	 1.4340522090025256e-10 	 2 	 1.7229629650883532e-14 	 6.211281489143511e-12
2	4	0	0	1.0 	 1.024278772632644e-11 	 3.3336339459277294e-10 	 2 	 2.818954809139881e-13 	 1.0162332086949271e-10
2	5	0	0	1.0 	 1.0876056740276198e-15 	 4.375905185031835e-14 	 2 	 3.81109845485057e-18 	 1.3739009929736312e-15
2	6	0	0	1.0 	 5.908936594875886e-18 	 1.2067734537669879e-16 	 2 	 1.539837759535584e-19 	 5.551115123125783e-17
2	7	0	0	1.0 	 4.3113427590319514e-16 	 1.258297980668436e-14 	 2 	 1.6457016055036554e-17 	 5.93275428784068e-15
2	8	0	0	1.0 	 2.0208010132873942e-16 	 6.036969042856095e-15 	 2 	 5.004472718490648e-18 	 1.8041124150158794e-15
2	9	0	0	1.0 	 9.776914364235829e-17 	 8.001663178971524e-17 	 2 	 0.0 	 0.0
2	10	0	0	1.0 	 7.661027733041505e-16 	 9.023229638755536e-16 	 2 	 8.18038809753279e-20 	 2.949029909160572e-17
3	1	0	0	1.0 	 2.2528903070237693e-14 	 3.0922461335967815e-13 	 3 	 1.0519324555297399e-16 	 3.7816971776294395e-14
3	2	0	0	1.0 	 1.2703682540336441e-14 	 6.383369844776662e-14 	 3 	 1.8733083389254845e-16 	 6.734543478437159e-14
3	3	0	0	1.0 	 7.478572087139006e-12 	 1.1272464341076986e-10 	 3 	 6.031788420612707e-14 	 2.1684279372102812e-11
3	4	0	0	1.0 	 1.3059260356468048e-11 	 3.036416519016145e-10 	 3 	 4.39854843940076e-13 	 1.5812781639645832e-10
3	5	0	0	1.0 	 1.3212359943828322e-15 	 4.045254159024857e-14 	 3 	 1.6483492055456842e-17 	 5.925815393936773e-15
3	6	0	0	1.0 	 4.777788094112899e-17 	 1.0060835018904526e-15 	 3 	 5.9062629613229436e-18 	 2.123301534595612e-15
3	7	0	0	1.0 	 9.11873986774387e-16 	 1.2898394237974537e-14 	 3 	 2.6414120465916496e-17 	 9.495876307497042e-15
3	8	0	0	1.0 	 1.3460903683934764e-06 	 9.151759809643174e-05 	 3 	 8.889740096379142e-06 	 0.003195861564648257
3	9	0	0	1.0 	 1.185730490940033e-16 	 9.795569918354408e-17 	 3 	 3.667287459644965e-19 	 1.3183898417423734e-16
3	10	0	0	1.0 	 7.644448439167029e-17 	 2.8944368568995437e-16 	 3 	 7.141559789834932e-19 	 2.5673907444456745e-16
5	1	0	0	1.0 	 2.30100304987727e-14 	 1.735305278499731e-13 	 5 	 6.890370170313622e-17 	 2.463307335887066e-14
5	2	0	0	1.0 	 2.8269108816944437e-14 	 1.785185088128019e-13 	 5 	 3.0893726776470617e-15 	 1.1044507322588437e-12
5	3	0	0	1.0 	 1.3165510880983079e-11 	 1.3258178350065194e-10 	 5 	 2.4883203500800266e-13 	 8.895745251535911e-11
5	4	0	0	1.0 	 1.3262781526059405e-11 	 1.8216409428611094e-10 	 5 	 3.2237208240854476e-13 	 1.1524801946105612e-10
5	5	0	0	1.0 	 1.4911490360743942e-15 	 2.0650966034375657e-14 	 5 	 1.3295503004689314e-17 	 4.7531423241764514e-15
5	6	0	0	1.0 	 7.792266491745221e-14 	 7.447255016010734e-14 	 5 	 2.94150873045349e-16 	 1.0515893711371405e-13
5	7	0	0	1.0 	 9.192210476797936e-16 	 4.8421611817029814e-15 	 5 	 1.142733926132954e-17 	 4.0852737859253815e-15
5	8	0	0	1.0 	 1.3507021033975386e-06 	 7.435340713232538e-05 	 5 	 6.969553053353796e-06 	 0.002491615216573888
5	9	0	0	1.0 	 1.5808156500326138e-16 	 2.9792628735876616e-16 	 5 	 1.2640432601173661e-18 	 4.518954654919582e-16
5	10	0	0	1.0 	 4.372541109315275e-12 	 8.025502142784899e-11 	 5 	 3.2249903262655748e-12 	 1.1529340416399638e-09
7	1	0	0	1.0 	 6.021653762945696e-13 	 4.860906601624654e-12 	 7 	 5.033209159659518e-14 	 1.789305856259027e-11
7	2	0	0	1.0 	 4.9403063060685177e-14 	 2.5773259949501405e-13 	 7 	 3.256937226556174e-15 	 1.1578411840407199e-12
7	3	0	0	1.0 	 3.9316848529323265e-10 	 1.2190505338642053e-08 	 7 	 6.17110086650342e-10 	 2.1938263580420498e-07
7	4	0	0	1.0 	 1.5834283765065006e-11 	 1.7127213038615174e-10 	 7 	 3.596266314903432e-13 	 1.2784726749481834e-10
7	5	0	0	1.0 	 2.2018795024129006e-15 	 1.8934200062630857e-14 	 7 	 4.961650718349462e-17 	 1.7638668303732178e-14
7	6	0	0	1.0 	 2.871375053853096e-12 	 1.2957805154582577e-11 	 7 	 3.410151370928384e-14 	 1.2123088123650039e-11
7	7	0	0	1.0 	 3.026925766425893e-14 	 1.6586417944603685e-13 	 7 	 4.983511649917222e-16 	 1.7716383915455935e-13
7	8	0	0	1.0 	 1.3567552577571641e-06 	 6.601972535319844e-05 	 7 	 6.228164275779528e-06 	 0.0022141124000396757
7	9	0	0	1.0 	 7.253478849891256e-16 	 7.064605567447804e-15 	 7 	 1.2882700649337948e-16 	 4.579800080839469e-14
7	10	0	0	1.0 	 3.6284485589644906e-12 	 6.330808928857686e-11 	 7 	 2.4688820771632282e-12 	 8.77687578431513e-10
10	1	0	0	1.0 	 3.8228417264116985e-12 	 7.549851672002776e-11 	 10 	 8.453659930269693e-13 	 2.979915125420063e-10
10	2	0	0	1.0 	 1.883557070168467e-13 	 1.0197615466163335e-12 	 10 	 1.5773467786054844e-14 	 5.560147394584323e-12
10	3	0	0	1.0 	 1.7904503410737446e-10 	 1.1322038663433443e-08 	 10 	 5.76377205336081e-10 	 2.0317296488096825e-07
10	4	0	0	0.9 	 0.004392536275079813 	 0.000804724582066698 	 9 	 3.950555526195299e-06 	 0.0013925708229838402
10	5	0	0	1.0 	 1.7380475780966434e-13 	 4.944792667905648e-12 	 10 	 8.164382290799132e-14 	 2.8779447575066897e-11
10	6	0	0	1.0 	 2.7840070591189137e-12 	 8.970052085120383e-12 	 10 	 2.406640194458629e-14 	 8.483406685466655e-12
10	7	0	0	1.0 	 3.1996111102289355e-14 	 1.6712033373508345e-13 	 10 	 6.597903862345726e-16 	 2.325761111476865e-13
10	8	0	0	1.0 	 1.3692668302417863e-06 	 5.2650883137864303e-05 	 10 	 4.620355713590454e-06 	 0.0016286753890406161
10	9	0	0	1.0 	 6.878922496084967e-16 	 2.510259093050108e-15 	 10 	 3.8172528573852814e-17 	 1.34558163222831e-14
10	10	0	0	1.0 	 3.180583741895872e-08 	 3.6258862893280363e-07 	 10 	 1.3840126623354837e-08 	 4.878644634732582e-06
2	1	1	100	1.0 	 2.7875447659892723e-05 	 0.0017979136733926998 	 2 	 5.392644273419443e-06 	 0.00194404826056771
2	1	1	1000	1.0 	 2.7953737287381743e-06 	 0.00017998487775454893 	 2 	 5.392644272879036e-07 	 0.00019440482603728937
2	1	1	10000	1.0 	 2.796166246445914e-07 	 1.800042537709091e-05 	 2 	 5.392644267455343e-08 	 1.944048258417652e-05
2	2	1	100	1.0 	 0.0004346958365998149 	 0.0018381009332238288 	 2 	 2.9233356346987004e-06 	 0.0010538624963088823
2	2	1	1000	1.0 	 4.274462298906433e-05 	 0.00018398618040621928 	 2 	 2.92333563469975e-07 	 0.00010538624963092602
2	2	1	10000	1.0 	 4.267346691171363e-06 	 1.8400380783379485e-05 	 2 	 2.923335634700712e-08 	 1.0538624963096072e-05
2	3	1	100	1.0 	 3.761186093470264e-05 	 0.0014157180313441357 	 2 	 5.469689085138395e-06 	 0.0019718229151923917
2	3	1	1000	1.0 	 3.7381156823023414e-06 	 0.0001417362194459899 	 2 	 5.469689155027897e-07 	 0.00019718229403875568
2	3	1	10000	1.0 	 3.7358977606649704e-07 	 1.4175323227515105e-05 	 2 	 5.469689853878644e-08 	 1.9718231923232518e-05
2	4	1	100	1.0 	 3.116180418723603e-05 	 0.0014559082406481532 	 2 	 4.440903421934262e-06 	 0.0016009456836073015
2	4	1	1000	1.0 	 3.115023654750199e-06 	 0.0001458110446642402 	 2 	 4.4409051729643117e-07 	 0.00016009463148536343
2	4	1	10000	1.0 	 3.11499177281451e-07 	 1.4583504184398642e-05 	 2 	 4.440922683289448e-08 	 1.600952627325846e-05
2	5	1	100	1.0 	 2.005886627727714e-05 	 0.0004319488120327816 	 2 	 4.0259554501272853e-07 	 0.0001451356939770887
2	5	1	1000	1.0 	 2.0062593762862516e-06 	 4.32055322692155e-05 	 2 	 4.025955449960213e-08 	 1.4513569397106574e-05
2	5	1	10000	1.0 	 2.0062966628804686e-07 	 4.320659767223252e-06 	 2 	 4.025955448505066e-09 	 1.451356939186077e-06
2	6	1	100	1.0 	 2.6418809922214477e-05 	 0.0004282370257587442 	 2 	 9.786860289217105e-07 	 0.00035281631342627684
2	6	1	1000	1.0 	 2.636060365634197e-06 	 4.2828473201617685e-05 	 2 	 9.786860289232891e-08 	 3.528163134268458e-05
2	6	1	10000	1.0 	 2.635479811922405e-07 	 4.2828950423190575e-06 	 2 	 9.786860289128951e-09 	 3.5281631342309883e-06
2	7	1	100	1.0 	 0.00019964305052595945 	 0.008294486673476844 	 2 	 2.9881738548456753e-05 	 0.010772366746718665
2	7	1	1000	1.0 	 2.0455261128655503e-05 	 0.0008459525661947626 	 2 	 2.9881738548578096e-06 	 0.0010772366746762407
2	7	1	10000	1.0 	 2.050642254916665e-06 	 8.47664324681149e-05 	 2 	 2.988173854976069e-07 	 0.00010772366747188733
2	8	1	100	1.0 	 3.294748719654237e-05 	 0.0016034204945506096 	 2 	 4.276887110691274e-06 	 0.0015418178034042054
2	8	1	1000	1.0 	 3.2939595905891918e-06 	 0.00016046253043679607 	 2 	 4.276887110753253e-07 	 0.00015418178034265484
2	8	1	10000	1.0 	 3.2938838201291097e-07 	 1.6047458855485127e-05 	 2 	 4.27688711134763e-08 	 1.5418178036408214e-05
2	9	1	100	1.0 	 1.8396132545820942e-05 	 0.00043048862364925044 	 2 	 2.4621125310613298e-06 	 0.0008875915674476098
2	9	1	1000	1.0 	 1.842809946594101e-06 	 4.31381500076757e-05 	 2 	 2.4621125310579423e-07 	 8.875915674463886e-05
2	9	1	10000	1.0 	 1.843130452390199e-07 	 4.31470994758488e-06 	 2 	 2.462112530944764e-08 	 8.875915674055879e-06
2	10	1	100	1.0 	 4.14371924930442e-05 	 0.001395520660763581 	 2 	 2.2645804336254296e-06 	 0.0008163812463219677
2	10	1	1000	1.0 	 4.1405885806373265e-06 	 0.0001396657032014737 	 2 	 2.2645804336359776e-07 	 8.163812463257702e-05
2	10	1	10000	1.0 	 4.1402764948161876e-07 	 1.3967708113920141e-05 	 2 	 2.2645804337314473e-08 	 8.163812463601872e-06
3	1	1	100	1.0 	 6.201587326034694e-05 	 0.0031791143332702424 	 3 	 1.0434966407021464e-05 	 0.003751370423324241
3	1	1	1000	1.0 	 6.217726607261501e-06 	 0.00031844258433116884 	 3 	 1.0434966406574519e-06 	 0.00037513704231635636
3	1	1	10000	1.0 	 6.2194514029574e-07 	 3.1849579821130236e-05 	 3 	 1.04349664020846e-07 	 3.751370421549438e-05
3	2	1	100	0.25 	 0.006199334657334911 	 0.018760019978944675 	 2 	 0.00011942038349871436 	 0.28288895486391263
3	2	1	1000	1.0 	 0.00020807858785266617 	 0.0008998445399944303 	 3 	 3.2116826557486572e-06 	 0.0011545999147416497
3	2	1	10000	1.0 	 2.031231044239982e-05 	 9.00196281842268e-05 	 3 	 3.211682656287266e-07 	 0.00011545999149352795
3	3	1	100	1.0 	 7.703177695382725e-05 	 0.0018190368412751051 	 3 	 1.0673473724222299e-05 	 0.0038371138038579417
3	3	1	1000	1.0 	 7.6197304827036255e-06 	 0.00018236293309430957 	 3 	 1.0673473922117043e-06 	 0.00038371138750011014
3	3	1	10000	1.0 	 7.61162994593077e-07 	 1.8240950701224144e-05 	 3 	 1.06734759009649e-07 	 3.837114586396905e-05
3	4	1	100	1.0 	 6.0142826906241927e-05 	 0.0013106038477616485 	 3 	 1.6537688949379028e-06 	 0.0005945299177301798
3	4	1	1000	1.0 	 6.016955965248333e-06 	 0.00013115362512304654 	 3 	 1.653766441306261e-07 	 5.9452903564960455e-05
3	4	1	10000	1.0 	 6.017142658870192e-07 	 1.3116157438421325e-05 	 3 	 1.6537419044741063e-08 	 5.945202146584448e-06
3	5	1	100	1.0 	 5.187596780187475e-05 	 0.0010940518003292087 	 3 	 3.5359837559205806e-06 	 0.0012711861602534569
3	5	1	1000	1.0 	 5.193350600483706e-06 	 0.00010965402225143613 	 3 	 3.535983755860515e-07 	 0.0001271186160231863
3	5	1	10000	1.0 	 5.193934288599964e-07 	 1.09679019541692e-05 	 3 	 3.5359837552806965e-08 	 1.2711861600234188e-05
3	6	1	100	1.0 	 7.525463348961113e-05 	 0.001356847694567398 	 3 	 1.9231967120565454e-06 	 0.0006913892179843326
3	6	1	1000	1.0 	 7.5202285001432655e-06 	 0.00013576104770560558 	 3 	 1.923196712057491e-07 	 6.913892179846726e-05
3	6	1	10000	1.0 	 7.519706549054767e-07 	 1.3576868598854787e-05 	 3 	 1.923196712044366e-08 	 6.913892179799541e-06
3	7	1	100	1.0 	 0.00012832996223724938 	 0.002337005587170449 	 3 	 8.074909314900687e-06 	 0.002902929898706816
3	7	1	1000	1.0 	 1.265315259370315e-05 	 0.00023404404000016297 	 3 	 8.074909314740137e-07 	 0.0002902929898649098
3	7	1	10000	1.0 	 1.2635510105770397e-06 	 2.34078490260523e-05 	 3 	 8.074909313187523e-08 	 2.9029298980909335e-05
3	8	1	100	0.25 	 0.00017486307803866433 	 0.0070379889904064585 	 2 	 0.0010130775347464668 	 0.8499179324232187
3	8	1	1000	1.0 	 1.2846947691532776e-05 	 0.0009686070773877049 	 3 	 7.312327094600539e-05 	 0.02628781590508812
3	8	1	10000	1.0 	 2.8966336167869553e-06 	 0.000261177493784716 	 3 	 2.3663309490121905e-05 	 0.008506959761698525
3	9	1	100	1.0 	 0.00017738223222571106 	 0.0014439643129109227 	 3 	 2.897692302628169e-06 	 0.0010417203827948335
3	9	1	1000	1.0 	 1.773621891820353e-05 	 0.0001446477760270443 	 3 	 2.897692302630292e-07 	 0.00010417203827955968
3	9	1	10000	1.0 	 1.7736020972984935e-06 	 1.446729776229011e-05 	 3 	 2.8976923026295202e-08 	 1.0417203827953194e-05
3	10	1	100	1.0 	 1.2479387750829497e-05 	 0.0008341708083897796 	 3 	 5.112563251371774e-06 	 0.0018379664888681646
3	10	1	1000	1.0 	 1.254182183519795e-06 	 8.3553577034648e-05 	 3 	 5.112563251408138e-07 	 0.00018379664888812378
3	10	1	10000	1.0 	 1.2548102563854637e-07 	 8.356731053545275e-06 	 3 	 5.1125632517972564e-08 	 1.8379664890211256e-05
5	1	1	100	1.0 	 0.0002775371582866626 	 0.0062402796450867475 	 5 	 2.241146203852294e-05 	 0.008012097678771882
5	1	1	1000	1.0 	 2.7863943141228948e-05 	 0.0006280889138614387 	 5 	 2.2411462037623153e-06 	 0.0008012097678450208
5	1	1	10000	1.0 	 2.7877347397043375e-06 	 6.285010344034109e-05 	 5 	 2.2411462028585513e-07 	 8.012097675219251e-05
5	2	1	100	0.3333333333333333 	 0.007158032064311411 	 0.02081037692640495 	 3 	 0.0005033586753292487 	 0.3898797473542488
5	2	1	1000	1.0 	 0.00037184198474228005 	 0.0013927560763698867 	 5 	 8.031340018570711e-06 	 0.0028712040566390637
5	2	1	10000	1.0 	 3.576477658596914e-05 	 0.00013932950567481576 	 5 	 8.031340064793324e-07 	 0.00028712040731636475
5	3	1	100	1.0 	 0.0001235507941292221 	 0.002229739285952108 	 5 	 1.848553962998715e-05 	 0.006608580417720429
5	3	1	1000	1.0 	 1.2483153290535437e-05 	 0.0002236298194703373 	 5 	 1.848553971512538e-06 	 0.0006608580448157347
5	3	1	10000	1.0 	 1.2496541577013993e-06 	 2.236964546347954e-05 	 5 	 1.8485540566454487e-07 	 6.608580752507504e-05
5	4	1	100	1.0 	 0.00015965263003590784 	 0.002859334320672755 	 5 	 7.328882122048872e-06 	 0.002914977142948069
5	4	1	1000	1.0 	 1.596674251897387e-05 	 0.0002863305055943343 	 5 	 8.153782141656035e-07 	 0.0002914977115641981
5	4	1	10000	1.0 	 1.5967023184258164e-06 	 2.8637127860358122e-05 	 5 	 8.153781377835016e-08 	 2.914976842575967e-05
5	5	1	100	1.0 	 0.00010112508978744972 	 0.0019416915148978194 	 5 	 6.287264011699592e-06 	 0.0022476968841826095
5	5	1	1000	1.0 	 1.011043303284071e-05 	 0.00019449032860132797 	 5 	 6.287264011747884e-07 	 0.0002247696884199873
5	5	1	10000	1.0 	 1.0110248395476946e-06 	 1.9452260343938708e-05 	 5 	 6.287264012183046e-08 	 2.2476968843554435e-05
5	6	1	100	0.8 	 0.0033716891712009703 	 0.018632701104101094 	 4 	 0.00015415894386622126 	 0.05511182243217497
5	6	1	1000	1.0 	 4.154668223471751e-05 	 0.0009256227727142687 	 5 	 5.2337092136958924e-06 	 0.0018710510438963018
5	6	1	10000	1.0 	 4.157394637524824e-06 	 9.274779269094497e-05 	 5 	 5.233709365403269e-07 	 0.00018710510981316889
5	7	1	100	0.6666666666666666 	 0.0005611346667579025 	 0.006515602325579433 	 5 	 2.888378693449547e-05 	 0.07184871259573389
5	7	1	1000	1.0 	 4.186525364593244e-05 	 0.0005961374377128464 	 5 	 2.725642618676389e-06 	 0.0009744172361768194
5	7	1	10000	1.0 	 4.177840326711882e-06 	 5.967522924573541e-05 	 5 	 2.7256426186467315e-07 	 9.744172361662168e-05
5	8	1	100	0.3333333333333333 	 0.0006377780946205607 	 0.0065102757229054085 	 3 	 0.0006329066740683858 	 0.5262090311161443
5	8	1	1000	0.6666666666666666 	 0.00039369145850941457 	 0.001277478606286769 	 5 	 7.031334321380493e-05 	 0.034006584776084384
5	8	1	10000	1.0 	 2.6261183213072753e-05 	 0.00023215776904710378 	 5 	 1.7025331856913555e-05 	 0.006086556138846319
5	9	1	100	1.0 	 0.0003450258754178267 	 0.0027278031129771194 	 5 	 6.812846643463609e-06 	 0.002435592675038248
5	9	1	1000	1.0 	 3.478350160200618e-05 	 0.00027306021976752416 	 5 	 6.812846643454215e-07 	 0.00024355926750348897
5	9	1	10000	1.0 	 3.4812107165253118e-06 	 2.7308826662423905e-05 	 5 	 6.81284664336629e-08 	 2.4355926750034562e-05
5	10	1	100	0.5 	 0.0005778159378461435 	 0.0077913233078202165 	 4 	 0.0005370289736023228 	 0.40570325860150747
5	10	1	1000	1.0 	 4.5341594660987124e-05 	 0.0007708757089964353 	 5 	 1.4484703230132989e-05 	 0.009555216453785082
5	10	1	10000	1.0 	 4.475808493949275e-06 	 7.757508774553127e-05 	 5 	 2.6729312649578526e-06 	 0.0009555729272224115
7	1	1	100	0.625 	 0.0022049876148753688 	 0.010699336896672636 	 6 	 0.0001354073783174923 	 0.15794614090106532
7	1	1	1000	1.0 	 7.374468227892679e-05 	 0.000645285845075455 	 7 	 3.7312936604896054e-06 	 0.001326474896304039
7	1	1	10000	1.0 	 7.335769169620285e-06 	 6.460974952261298e-05 	 7 	 3.73129368149351e-07 	 0.00013264749037709272
7	2	1	100	0.375 	 0.014819232801445165 	 0.015274161237020056 	 4 	 0.00037401206951565827 	 0.28724575918211737
7	2	1	1000	1.0 	 0.000771955793146382 	 0.0013512238764171378 	 7 	 7.309805820439491e-06 	 0.0025986359691662683
7	2	1	10000	1.0 	 7.476944739407201e-05 	 0.00013517079178856169 	 7 	 7.309805858342726e-07 	 0.00025986359826408686
7	3	1	100	0.7142857142857143 	 0.0011636082751719436 	 0.009862031479366712 	 5 	 0.0003934270322052351 	 0.14277662603538355
7	3	1	1000	1.0 	 5.372725137233207e-05 	 0.00044710780112831167 	 7 	 1.0216864683316243e-05 	 0.0036320953949190303
7	3	1	10000	1.0 	 5.280665766942101e-06 	 4.4802312057116695e-05 	 7 	 1.0212045400646579e-06 	 0.0003630382139929965
7	4	1	100	1.0 	 0.00040164357593187655 	 0.005121423257246694 	 7 	 1.3678411099016748e-05 	 0.004862675145700421
7	4	1	1000	1.0 	 4.043629869990107e-05 	 0.0005150323469697108 	 7 	 1.3678409744862304e-06 	 0.00048626746642985164
7	4	1	10000	1.0 	 4.046412476283085e-06 	 5.1532612794841706e-05 	 7 	 1.3678396202694842e-07 	 4.8626698500579824e-05
7	5	1	100	0.4444444444444444 	 0.0020742696941856865 	 0.019686360271122725 	 6 	 0.00039369289468139067 	 0.4267911509886698
7	5	1	1000	1.0 	 5.043466318101871e-05 	 0.0004918319461724601 	 7 	 1.6758739762831554e-06 	 0.0005957731985686623
7	5	1	10000	1.0 	 5.040704078187103e-06 	 4.920504909794576e-05 	 7 	 1.6758739760843188e-07 	 5.957731984979758e-05
7	6	1	100	0.7142857142857143 	 0.007534255568068797 	 0.019084599552751984 	 5 	 0.0001628126845934481 	 0.05787990937297007
7	6	1	1000	1.0 	 0.00010426754388691837 	 0.0008028658407688837 	 7 	 3.7057363757606774e-06 	 0.0013173892815829275
7	6	1	10000	1.0 	 1.0509058624711816e-05 	 8.034855460521813e-05 	 7 	 3.7057365289377315e-07 	 0.00013173893360373705
7	7	1	100	0.75 	 0.0010688046933346109 	 0.00696205770470346 	 7 	 2.8071513819885317e-05 	 0.05702170690672505
7	7	1	1000	1.0 	 9.35492056325567e-05 	 0.0007702215418241078 	 7 	 3.369920698471887e-06 	 0.0011980068083067635
7	7	1	10000	1.0 	 9.330342033155103e-06 	 7.716193442709644e-05 	 7 	 3.3699207002981534e-07 	 0.00011980068089560009
7	8	1	100	0.5 	 0.0009054453673243385 	 0.009748080037247793 	 5 	 0.0003200512965516702 	 0.39268690039258836
7	8	1	1000	0.7142857142857143 	 0.0007364157894763685 	 0.003444268296228156 	 5 	 0.00030761113888700504 	 0.14609297784815767
7	8	1	10000	1.0 	 1.1748015726155041e-05 	 0.00024157303112784919 	 7 	 1.1589364302794217e-05 	 0.0041200190096433
7	9	1	100	0.625 	 0.001266497051012644 	 0.016358450555455553 	 6 	 0.0003811248858531488 	 0.29909506262123714
7	9	1	1000	1.0 	 5.796988326937767e-05 	 0.0006173541469736596 	 7 	 6.992925425437233e-06 	 0.002485984988743015
7	9	1	10000	1.0 	 5.815089062417621e-06 	 6.198654162918272e-05 	 7 	 6.992925427231117e-07 	 0.00024859849893807406
7	10	1	100	0.3333333333333333 	 0.0021505968392073025 	 0.020866843114486056 	 5 	 0.0008706047429999558 	 0.5523455069620662
7	10	1	1000	1.0 	 0.00010065975454070142 	 0.0012237658785308396 	 7 	 1.4370537441434055e-05 	 0.009717148110585027
7	10	1	10000	1.0 	 9.987465366770927e-06 	 0.00012301383400986415 	 7 	 2.733493042258129e-06 	 0.0009717567765227804
10	1	1	100	0.21428571428571427 	 0.0072550385375603444 	 0.04543381008224683 	 7 	 0.0006649030605511703 	 0.7020930571988511
10	1	1	1000	1.0 	 0.00011455480716528761 	 0.0007791445313497816 	 10 	 9.193749926791356e-06 	 0.0032407968491939484
10	1	1	10000	1.0 	 1.144601454831352e-05 	 7.834689950851624e-05 	 10 	 9.193746047886438e-07 	 0.0003240795481879964
10	2	1	100	0.25 	 0.015051177680427286 	 0.0632715257797129 	 5 	 0.0005241225574528566 	 0.4801504701457149
10	2	1	1000	0.6363636363636364 	 0.0053958511432584825 	 0.0033783803244232797 	 8 	 3.908584580039666e-05 	 0.1039929527360752
10	2	1	10000	1.0 	 0.00013095711294146536 	 0.0001951716792441933 	 10 	 1.510642750854648e-06 	 0.0005325015696762627
10	3	1	100	0.5454545454545454 	 0.0028790685784197555 	 0.018371335280963855 	 7 	 0.00046826927088133597 	 0.3906252280505353
10	3	1	1000	0.9 	 0.00010964550374223544 	 0.00205118768245253 	 9 	 0.0001226101293588482 	 0.04322007059899393
10	3	1	10000	1.0 	 6.4282937317537926e-06 	 5.7734134832740635e-05 	 10 	 1.7262897411295874e-06 	 0.0006085171337481786
10	4	1	100	0.8 	 0.006155395365339013 	 0.012540409537016212 	 8 	 7.126357211091337e-05 	 0.028155631258568254
10	4	1	1000	0.8 	 0.005231238905503806 	 0.0029034779636843582 	 8 	 4.943435046783405e-05 	 0.01805505544742458
10	4	1	10000	1.0 	 0.00012895139582188897 	 0.000296073039409694 	 10 	 8.465443099173714e-06 	 0.0029840686924587365
10	5	1	100	0.38461538461538464 	 0.004190337449900727 	 0.02460083905996848 	 8 	 0.0004883469428935078 	 0.49057519905524594
10	5	1	1000	1.0 	 0.0001977807998459852 	 0.0007716077057661885 	 10 	 4.034652774523839e-06 	 0.0014222151030196513
10	5	1	10000	1.0 	 1.9806594037227665e-05 	 7.720980316091873e-05 	 10 	 4.034653044806163e-07 	 0.00014222151982941703
10	6	1	100	0.7 	 0.007438199411861567 	 0.014630982650695894 	 7 	 0.00018502473566158137 	 0.06903832167811631
10	6	1	1000	1.0 	 0.00026121047561542123 	 0.00079282965049911 	 10 	 5.508876017045932e-06 	 0.0019418787960086884
10	6	1	10000	1.0 	 2.6477619257817853e-05 	 7.952989125170376e-05 	 10 	 5.508876103245401e-07 	 0.00019418788263940012
10	7	1	100	0.7272727272727273 	 0.006950764481338849 	 0.022083964393319028 	 9 	 0.00012951327716476376 	 0.14865055713698008
10	7	1	1000	1.0 	 0.00014284859668049912 	 0.0008310462012267896 	 10 	 4.118016197458717e-06 	 0.0014516007096041957
10	7	1	10000	1.0 	 1.4235193753511392e-05 	 8.332831746337006e-05 	 10 	 4.1180161953870985e-07 	 0.000145160070887395
10	8	1	100	0.15384615384615385 	 0.006525675736193403 	 0.029682847846081918 	 5 	 0.0006318580684647446 	 0.6915838982988743
10	8	1	1000	0.8 	 0.000816073444873243 	 0.004665564201557013 	 8 	 0.00026937510082881695 	 0.1245309627205193
10	8	1	10000	1.0 	 2.0288697722936427e-05 	 0.000211968166258893 	 10 	 1.1411647421621838e-05 	 0.0040226057161216544
10	9	1	100	0.38461538461538464 	 0.004044190600809014 	 0.019207606982845887 	 8 	 0.0002614458855441863 	 0.4288626039296052
10	9	1	1000	1.0 	 0.00013478433768611859 	 0.0008456806133043252 	 10 	 9.117915645947912e-06 	 0.0032140652651966345
10	9	1	10000	1.0 	 1.3492620759174338e-05 	 8.486780160044118e-05 	 10 	 9.117915647295267e-07 	 0.0003214065265671577
10	10	1	100	0.3076923076923077 	 0.002648565124581417 	 0.01790232571862069 	 7 	 0.0006752067502658624 	 0.5510058044217476
10	10	1	1000	0.5384615384615384 	 0.0022649412708708847 	 0.009543745317282729 	 10 	 0.0003927708444638392 	 0.35034828640133336
10	10	1	10000	0.75 	 0.0017538578195645802 	 0.0050847110959437785 	 11 	 0.00011513570929617505 	 0.1604616744876524
2	1	2	100	1.0 	 6.054888265317444e-06 	 0.0007704043199806804 	 2 	 3.640218143583801e-06 	 0.0013122986407619608
2	1	2	1000	1.0 	 6.05127601506997e-07 	 7.702955910927821e-05 	 2 	 3.640218145034713e-07 	 0.00013122986412850146
2	1	2	10000	1.0 	 6.0509200922837e-08 	 7.7028477029372e-06 	 2 	 3.640218159530745e-08 	 1.3122986465108344e-05
2	2	2	100	1.0 	 0.0009838314390805938 	 0.0058483752609909696 	 2 	 1.5118347653788197e-05 	 0.005450164329190647
2	2	2	1000	1.0 	 8.982706706073818e-05 	 0.0005861319763770888 	 2 	 1.5118347653785001e-06 	 0.0005450164329189496
2	2	2	10000	1.0 	 8.905386316379992e-06 	 5.862619379650043e-05 	 2 	 1.511834765377894e-07 	 5.45016432918731e-05
2	3	2	100	1.0 	 2.2827807206593065e-05 	 0.0020132730716160077 	 2 	 8.921574935581648e-06 	 0.0032162277642771822
2	3	2	1000	1.0 	 2.292323397505071e-06 	 0.00020160956947888446 	 2 	 8.921574780514672e-07 	 0.0003216227708375538
2	3	2	10000	1.0 	 2.2932236823542694e-07 	 2.0163684297975435e-05 	 2 	 8.921573229864942e-08 	 3.21622714936631e-05
2	4	2	100	1.0 	 0.00015778225556849652 	 0.004352731306747119 	 2 	 8.266666054873712e-06 	 0.002980133112781973
2	4	2	1000	1.0 	 1.5675336020200893e-05 	 0.00043616482685630625 	 2 	 8.266663517805066e-07 	 0.0002980132198168727
2	4	2	10000	1.0 	 1.5665193163707122e-06 	 4.362556207524032e-05 	 2 	 8.266638147122474e-08 	 2.9801230520376518e-05
2	5	2	100	1.0 	 7.63800229573278e-05 	 0.0016961889421626766 	 2 	 2.0887943478366104e-06 	 0.0007530103623950984
2	5	2	1000	1.0 	 7.65664486356147e-06 	 0.0001698471157299253 	 2 	 2.0887943478670608e-07 	 7.530103624060758e-05
2	5	2	10000	1.0 	 7.658516609140045e-07 	 1.6986997204785062e-05 	 2 	 2.088794348197741e-08 	 7.53010362525286e-06
2	6	2	100	1.0 	 5.6014436835766435e-05 	 0.0009018427551419142 	 2 	 1.8642192103056892e-06 	 0.0006720510253152013
2	6	2	1000	1.0 	 5.5890855763547134e-06 	 9.023688286078159e-05 	 2 	 1.8642192103004537e-07 	 6.72051025313314e-05
2	6	2	10000	1.0 	 5.587852812451692e-07 	 9.024214702389379e-06 	 2 	 1.8642192102465593e-08 	 6.720510252938849e-06
2	7	2	100	1.0 	 0.000641861820888915 	 0.006237105472109233 	 2 	 1.6644122072396518e-05 	 0.006000206007098947
2	7	2	1000	1.0 	 6.038429640557019e-05 	 0.0006256645598398013 	 2 	 1.6644122072245904e-06 	 0.0006000206007044651
2	7	2	10000	1.0 	 6.002953927055104e-06 	 6.258609463604284e-05 	 2 	 1.6644122070826942e-07 	 6.000206006533116e-05
2	8	2	100	1.0 	 4.129651353889666e-05 	 0.0013938668436162885 	 2 	 2.291053733722129e-06 	 0.000825924871006828
2	8	2	1000	1.0 	 4.129033851062469e-06 	 0.0001395342063007106 	 2 	 2.2910537337653215e-07 	 8.259248710223988e-05
2	8	2	10000	1.0 	 4.1289730988107624e-07 	 1.3954898301421159e-05 	 2 	 2.2910537342134144e-08 	 8.259248711839362e-06
2	9	2	100	0.3333333333333333 	 0.001205195190284605 	 0.002024070388079034 	 2 	 1.0782553967874785e-05 	 0.024139290854245415
2	9	2	1000	1.0 	 5.8351903705491866e-05 	 0.00013887089768736043 	 2 	 6.820144550055002e-07 	 0.0002458662110294829
2	9	2	10000	1.0 	 5.8968125180122616e-06 	 1.3969584429830015e-05 	 2 	 6.82014454998773e-08 	 2.458662110270578e-05
2	10	2	100	0.3333333333333333 	 0.0024701549807871395 	 0.0029235973134071956 	 2 	 1.448430633317886e-06 	 0.026721714123246542
2	10	2	1000	1.0 	 0.00014916661231865937 	 0.0001900734323223677 	 2 	 5.7759915989594096e-08 	 2.082244971424868e-05
2	10	2	10000	1.0 	 1.4927241566218017e-05 	 1.9023576053138784e-05 	 2 	 5.775991599274114e-09 	 2.082244971538319e-06
3	1	2	100	1.0 	 2.6124177617258716e-05 	 0.001272533887151265 	 3 	 7.260838547042923e-06 	 0.0026102714576619473
3	1	2	1000	1.0 	 2.597053348873325e-06 	 0.00012745300645826657 	 3 	 7.260838546764016e-07 	 0.00026102714575616803
3	1	2	10000	1.0 	 2.5955469025315214e-07 	 1.2747306879405761e-05 	 3 	 7.260838544012777e-08 	 2.6102714565726104e-05
3	2	2	100	1.0 	 0.0012263526052263378 	 0.004742825576258298 	 3 	 1.3091203625377994e-05 	 0.004706287703323419
3	2	2	1000	1.0 	 0.00010441874995881341 	 0.00048110583061152526 	 3 	 1.327228767649788e-06 	 0.0004771387419701019
3	2	2	10000	1.0 	 1.0269363243063808e-05 	 4.8118572033441925e-05 	 3 	 1.32722876934227e-07 	 4.771387425785491e-05
3	3	2	100	1.0 	 0.00013117967673521484 	 0.0036945643018731593 	 3 	 2.2005457054224563e-05 	 0.007910961810993777
3	3	2	1000	1.0 	 1.2957250220162115e-05 	 0.00037059504780624874 	 3 	 2.200545759707417e-06 	 0.0007910962006148211
3	3	2	10000	1.0 	 1.2941645278800435e-06 	 3.7071142559778725e-05 	 3 	 2.2005463025640127e-07 	 7.910963957717672e-05
3	4	2	100	1.0 	 0.00011260855245301433 	 0.0032798626055057247 	 3 	 5.591847804933785e-06 	 0.0034218758051641606
3	4	2	1000	1.0 	 1.1272019688109954e-05 	 0.00032924283209426853 	 3 	 9.51842747676692e-07 	 0.0003421874677897728
3	4	2	10000	1.0 	 1.1273114969685896e-06 	 3.293672174731932e-05 	 3 	 9.518396119929688e-08 	 3.421863405114743e-05
3	5	2	100	1.0 	 7.178160000101809e-05 	 0.0021037421964238243 	 3 	 8.799915936868013e-06 	 0.0031635697793040707
3	5	2	1000	1.0 	 7.109225739213979e-06 	 0.00021046924658382635 	 3 	 8.799915936720163e-07 	 0.0003163569779250919
3	5	2	10000	1.0 	 7.102476394719237e-07 	 2.104788082455284e-05 	 3 	 8.799915935198432e-08 	 3.1635697787038564e-05
3	6	2	100	1.0 	 9.276712859016178e-05 	 0.0013825721114024735 	 3 	 3.239131619235885e-06 	 0.0011644678171153083
3	6	2	1000	1.0 	 9.314043936321672e-06 	 0.0001387047866169683 	 3 	 3.2391316192344567e-07 	 0.00011644678171147949
3	6	2	10000	1.0 	 9.317806643840278e-07 	 1.3874986677400358e-05 	 3 	 3.2391316192387034e-08 	 1.1644678171163214e-05
3	7	2	100	1.0 	 4.9822989711259756e-05 	 0.001503709078020464 	 3 	 8.160364595894138e-06 	 0.002933651072223962
3	7	2	1000	1.0 	 5.164681823477212e-06 	 0.00015148479051338502 	 3 	 8.160364596144624e-07 	 0.00029336510723140113
3	7	2	10000	1.0 	 5.18383159042586e-07 	 1.5160157994764097e-05 	 3 	 8.160364598582986e-08 	 2.9336510731906018e-05
3	8	2	100	0.6666666666666666 	 0.00020686775942442033 	 0.005150618895753541 	 2 	 0.0008939270610087077 	 0.32136677843263256
3	8	2	1000	1.0 	 1.0271679611361274e-05 	 0.0006517079038097845 	 3 	 5.866255150839653e-05 	 0.021089187267268338
3	8	2	10000	1.0 	 2.1941444814469088e-06 	 0.0001488689970547104 	 3 	 1.3863614932446309e-05 	 0.0049839695682143805
3	9	2	100	0.6666666666666666 	 0.001645664145929743 	 0.00300198866518291 	 2 	 2.8627522428410823e-05 	 0.010291594313013758
3	9	2	1000	1.0 	 2.0794181935917972e-05 	 0.00010007702163473502 	 3 	 8.14202739436783e-07 	 0.00029270588482752536
3	9	2	10000	1.0 	 2.035857871319906e-06 	 1.0010179031170811e-05 	 3 	 8.14202739440115e-08 	 2.927058848287232e-05
3	10	2	100	0.5 	 0.0013278001659269277 	 0.001007956882537713 	 3 	 1.0162503751649732e-06 	 0.01492075072549462
3	10	2	1000	1.0 	 8.986646608112656e-05 	 7.523178935051743e-05 	 3 	 1.4260327783787014e-07 	 5.1265878382714646e-05
3	10	2	10000	1.0 	 8.99801297558117e-06 	 7.534667660455036e-06 	 3 	 1.4260327784344103e-08 	 5.126587838471738e-06
5	1	2	100	1.0 	 0.00011717963373710634 	 0.002536900071057925 	 5 	 1.1237516787603705e-05 	 0.004017412251568375
5	1	2	1000	1.0 	 1.1810811481291128e-05 	 0.00025387501963771184 	 5 	 1.1237516787250083e-06 	 0.00040174122514419555
5	1	2	10000	1.0 	 1.182056690055628e-06 	 2.5389372880623897e-05 	 5 	 1.123751678376307e-07 	 4.0174122501953485e-05
5	2	2	100	0.42857142857142855 	 0.006391131167362786 	 0.011599500461551492 	 5 	 0.0003250558494138732 	 0.308250834819302
5	2	2	1000	0.5714285714285714 	 0.00011784284845813912 	 0.0015147519848773858 	 6 	 0.00037995777988377 	 0.29470897163546117
5	2	2	10000	0.42857142857142855 	 0.006320302590185718 	 0.007665352682483615 	 5 	 0.0003807576177416255 	 0.30825083481930465
5	3	2	100	1.0 	 0.00010553403068391125 	 0.0016907778252860104 	 5 	 1.2611777039957926e-05 	 0.004508710291784969
5	3	2	1000	1.0 	 1.0424295955664073e-05 	 0.0001694097614102473 	 5 	 1.2611774800594064e-06 	 0.0004508709491212389
5	3	2	10000	1.0 	 1.0411819532826625e-06 	 1.6944410821571934e-05 	 5 	 1.261175240657716e-07 	 4.508701485351346e-05
5	4	2	100	1.0 	 0.00019518572349499694 	 0.003580926566307031 	 5 	 1.903197803205421e-05 	 0.006803932146459274
5	4	2	1000	1.0 	 1.9349260916628354e-05 	 0.0003596853220208635 	 5 	 1.9031978935736936e-06 	 0.0006803932469525846
5	4	2	10000	1.0 	 1.9333106146253563e-06 	 3.598494440214473e-05 	 5 	 1.903198797301175e-07 	 6.803935700351593e-05
5	5	2	100	1.0 	 0.00015510088600974558 	 0.002120584889188862 	 5 	 1.0701426980034637e-05 	 0.003825760145362407
5	5	2	1000	1.0 	 1.5464969565724127e-05 	 0.0002133007477140322 	 5 	 1.070142697997938e-06 	 0.0003825760145342652
5	5	2	10000	1.0 	 1.5461574876787344e-06 	 2.1342821371683586e-05 	 5 	 1.0701426979512192e-07 	 3.825760145175633e-05
5	6	2	100	0.8 	 0.0033764832987816743 	 0.006088570098714411 	 4 	 7.159422096427507e-05 	 0.02559493399472857
5	6	2	1000	1.0 	 6.55359157965339e-05 	 0.000390265742615241 	 5 	 2.2351638136868867e-06 	 0.0007990710353884984
5	6	2	10000	1.0 	 1.1258243408907811e-05 	 4.326496838509524e-05 	 5 	 2.3858542326489345e-07 	 8.529428881719897e-05
5	7	2	100	1.0 	 0.0006249342677716918 	 0.0024132719126071407 	 5 	 7.281253303122513e-06 	 0.002603048055866295
5	7	2	1000	1.0 	 6.22710493356493e-05 	 0.00024171678857389382 	 5 	 7.28125330310185e-07 	 0.0002603048055858908
5	7	2	10000	1.0 	 6.224898554099986e-06 	 2.417563770231823e-05 	 5 	 7.28125330286559e-08 	 2.6030480557744443e-05
5	8	2	100	0.5 	 0.0005189270577894429 	 0.006297910616277806 	 4 	 0.0007093278746842969 	 0.31712304600946106
5	8	2	1000	1.0 	 3.7692232719722824e-05 	 0.0008362559797473743 	 5 	 2.9069548796881043e-05 	 0.019790210421318646
5	8	2	10000	1.0 	 2.6296591304654965e-06 	 3.602527025124514e-05 	 5 	 1.1959010120939225e-06 	 0.00042753461182356417
5	9	2	100	0.8 	 0.0017776657845638645 	 0.0037846810684461453 	 4 	 2.2600822684933053e-05 	 0.012139250026918375
5	9	2	1000	1.0 	 4.446219799496123e-05 	 0.00021813962274022775 	 5 	 1.934090597685643e-06 	 0.0006914373886726145
5	9	2	10000	1.0 	 4.394113525249834e-06 	 2.186103387958852e-05 	 5 	 1.9340905976907138e-07 	 6.914373886744275e-05
5	10	2	100	0.5 	 0.0005774540074729771 	 0.008741399898026683 	 4 	 0.0005480658277322836 	 0.4846296007981574
5	10	2	1000	1.0 	 9.633171981513347e-05 	 0.00015063293108837756 	 5 	 1.9262171011352635e-06 	 0.0006886226136558656
5	10	2	10000	1.0 	 1.4110171036792909e-05 	 1.6218132543016872e-05 	 5 	 1.9375352780657697e-07 	 6.926688619085216e-05
7	1	2	100	0.75 	 0.00022200744691510817 	 0.0022753273980597255 	 7 	 1.455561667972007e-05 	 0.06412627098065973
7	1	2	1000	1.0 	 1.664436763624112e-05 	 0.0002152917597669543 	 7 	 1.4126095337544993e-06 	 0.0005021826892497305
7	1	2	10000	1.0 	 1.6646516354467814e-06 	 2.1537126061332953e-05 	 7 	 1.4126096060341756e-07 	 5.021827149451555e-05
7	2	2	100	0.4444444444444444 	 0.006727792868966028 	 0.010728424939963616 	 6 	 0.0001733758850137523 	 0.414591945548898
7	2	2	1000	0.36363636363636365 	 0.0007007820948814155 	 0.003769399617994702 	 8 	 0.000269555873961136 	 0.5413550033364163
7	2	2	10000	0.5 	 0.00037143395028380326 	 0.0020068640714744723 	 8 	 0.00028002494855432593 	 0.3688352917394691
7	3	2	100	0.625 	 0.0006478639074437686 	 0.007802940661123134 	 6 	 0.00021994516952590306 	 0.21824052137061375
7	3	2	1000	1.0 	 3.6444334278024246e-05 	 0.0003641041485917127 	 7 	 7.999679652950177e-06 	 0.0028438861166238728
7	3	2	10000	1.0 	 3.6240381446706204e-06 	 3.6517123614721245e-05 	 7 	 7.994131746540429e-07 	 0.0002841913835895208
7	4	2	100	1.0 	 0.00030848880999620286 	 0.003977034103230021 	 7 	 1.7662104252164242e-05 	 0.006835156999330072
7	4	2	1000	1.0 	 3.060723172236086e-05 	 0.00039987330256534135 	 7 	 1.922688313971609e-06 	 0.000683515695616907
7	4	2	10000	1.0 	 3.05847992568007e-06 	 4.0009696712510264e-05 	 7 	 1.9226881925751233e-07 	 6.835156524604563e-05
7	5	2	100	1.0 	 0.00020384862988436238 	 0.0027089704124343217 	 7 	 2.128610309669938e-05 	 0.007567209650876532
7	5	2	1000	1.0 	 2.107130816140823e-05 	 0.0002712692927461095 	 7 	 2.1286103097097796e-06 	 0.0007567209651018168
7	5	2	10000	1.0 	 2.1148624767503146e-06 	 2.7130722006387616e-05 	 7 	 2.1286103100800197e-07 	 7.567209652334374e-05
7	6	2	100	0.8571428571428571 	 0.003239929953141134 	 0.004797628599505482 	 6 	 4.755428584398215e-05 	 0.016905548617535654
7	6	2	1000	0.2727272727272727 	 0.002511073533611689 	 0.016293304556020564 	 7 	 6.890151429609639e-05 	 0.49709994487940923
7	6	2	10000	1.0 	 6.655341475503576e-06 	 2.4684395726186848e-05 	 7 	 1.3667345536206432e-07 	 4.858741338121392e-05
7	7	2	100	1.0 	 0.0011918931627668058 	 0.005162956450170376 	 7 	 2.8991751629588773e-05 	 0.010306567704318871
7	7	2	1000	1.0 	 0.00014678659418961563 	 0.0005615774700970446 	 7 	 2.899175162513337e-06 	 0.0010306567702734973
7	7	2	10000	1.0 	 1.5042609148487876e-05 	 5.675277044127868e-05 	 7 	 2.899175158064749e-07 	 0.00010306567686920245
7	8	2	100	0.5 	 0.01350246950890619 	 0.016210517343652035 	 5 	 0.0006332276046110974 	 0.2878414598511485
7	8	2	1000	1.0 	 0.0002423409598596268 	 0.0016096225401947698 	 7 	 0.00010609836256485603 	 0.037717967891807466
7	8	2	10000	1.0 	 2.4686158752962243e-05 	 0.00022628926214457917 	 7 	 1.621725725890952e-05 	 0.0057652349555424726
7	9	2	100	0.625 	 0.0020255790177948524 	 0.005157298658530457 	 6 	 2.8406424188657458e-05 	 0.0754460076955262
7	9	2	1000	1.0 	 7.044592672749561e-05 	 0.00027354771593049703 	 7 	 1.316661922281658e-06 	 0.00046807331337112706
7	9	2	10000	1.0 	 7.069418031340821e-06 	 2.7377455932162886e-05 	 7 	 1.3166619222702833e-07 	 4.680733133670834e-05
7	10	2	100	0.3 	 0.0073430657169038255 	 0.01436848405115344 	 6 	 0.0004698149172255689 	 0.49448522412045265
7	10	2	1000	0.75 	 0.0011840974310017957 	 0.0008326504528220769 	 7 	 9.378310349386873e-06 	 0.010037050838706419
7	10	2	10000	1.0 	 4.165557953542379e-05 	 5.035757454612479e-05 	 7 	 8.273666617100345e-07 	 0.00029412884823791247
10	1	2	100	0.2857142857142857 	 0.002728611613894679 	 0.012235115410868457 	 8 	 0.00031824514705491814 	 0.48403340730869215
10	1	2	1000	1.0 	 0.0001036677708149496 	 0.0003131261886322902 	 10 	 3.817958143121209e-06 	 0.001345830245450224
10	1	2	10000	1.0 	 1.0472959080694946e-05 	 3.1412768940825906e-05 	 10 	 3.817957993508704e-07 	 0.00013458301927118162
10	2	2	100	0.7272727272727273 	 0.006856390090363807 	 0.008926517578514247 	 9 	 6.933972639615865e-05 	 0.1632408708530816
10	2	2	1000	1.0 	 0.0002591176233884031 	 0.0004963669945232881 	 10 	 5.986238074785776e-06 	 0.002110148921361983
10	2	2	10000	1.0 	 2.657314352650646e-05 	 5.015456003370956e-05 	 10 	 5.986238203615746e-07 	 0.00021101489667745476
10	3	2	100	0.5454545454545454 	 0.004017610404807449 	 0.010303457304511118 	 7 	 0.000303482708270971 	 0.24268874437860097
10	3	2	1000	1.0 	 3.665000276583977e-05 	 0.0004230297709586264 	 10 	 8.382163061401459e-06 	 0.00295471247914401
10	3	2	10000	1.0 	 3.678780884344669e-06 	 4.247558063565625e-05 	 10 	 8.377208686734316e-07 	 0.00029529660620738427
10	4	2	100	0.8 	 0.005407868466707104 	 0.0058604203382870545 	 8 	 0.00021443357078078948 	 0.07798134629735462
10	4	2	1000	0.9 	 0.004501125691933247 	 0.0016905063176846935 	 9 	 3.974862904919253e-05 	 0.014028679171147416
10	4	2	10000	0.9 	 0.004404138201464853 	 0.0008969508287839941 	 9 	 7.207057594086498e-06 	 0.002540487801915486
10	5	2	100	0.46153846153846156 	 0.0019116806309405422 	 0.01203984658392847 	 9 	 0.0001473174851555819 	 0.36494940211508475
10	5	2	1000	1.0 	 5.814428911072131e-05 	 0.0002673533857001178 	 10 	 8.07964308019862e-07 	 0.00028480741857700095
10	5	2	10000	1.0 	 5.81637332868722e-06 	 2.6752971480324083e-05 	 10 	 8.079650408182683e-08 	 2.8480767688843917e-05
10	6	2	100	0.7272727272727273 	 0.003853182988932912 	 0.006753183122523489 	 9 	 5.9639203120081636e-05 	 0.043942996244761445
10	6	2	1000	1.0 	 8.45021148186161e-05 	 0.00039541455927448796 	 10 	 3.848636240737985e-06 	 0.0013566442748601379
10	6	2	10000	1.0 	 2.0158620861953207e-05 	 4.506628111188353e-05 	 10 	 4.0811757000172843e-07 	 0.00014386144342560907
10	7	2	100	0.9 	 0.004703241152106367 	 0.008322952552389611 	 9 	 6.344713838982653e-05 	 0.02236511628241382
10	7	2	1000	1.0 	 0.00019476830289210883 	 0.0005981047927979195 	 10 	 2.9697862040150665e-06 	 0.0010468496369153094
10	7	2	10000	1.0 	 1.962095277785421e-05 	 6.010584469186637e-05 	 10 	 2.969786206241763e-07 	 0.00010468496377002198
10	8	2	100	0.2857142857142857 	 0.0018369086638955793 	 0.011784042703807578 	 8 	 0.00046798177429513855 	 0.5127090271516913
10	8	2	1000	1.0 	 0.00045378042446594214 	 0.0017054832474174835 	 10 	 5.9921392714757785e-05 	 0.021122290931951955
10	8	2	10000	1.0 	 4.7311416589718933e-05 	 0.00022070858542772338 	 10 	 1.0152715014608052e-05 	 0.003578832042649298
10	9	2	100	0.7272727272727273 	 0.002508172992458161 	 0.006128208930123945 	 9 	 3.685964762979486e-05 	 0.06767871042923872
10	9	2	1000	1.0 	 8.266005150742338e-05 	 0.0004998517889321595 	 10 	 2.8479724633057563e-06 	 0.0010039102933152777
10	9	2	10000	1.0 	 8.22447401491307e-06 	 5.0072594670749103e-05 	 10 	 2.8479724631177766e-07 	 0.00010039102932490147
10	10	2	100	0.5 	 0.005638405005921151 	 0.010760183399644073 	 8 	 0.0004617778527753131 	 0.3623700841740522
10	10	2	1000	1.0 	 0.0003158344621148872 	 0.0009588263525416504 	 10 	 3.082083344395524e-05 	 0.010864343788994254
10	10	2	10000	1.0 	 3.1911817458294665e-05 	 9.670848186737754e-05 	 10 	 3.070104147602234e-06 	 0.0010822117120297882
